303 0 FT923-6981 0 100 0 0.22640808
303 0 FT922-8857 1 99 0 0.22640808
303 0 FT923-554 2 98 0 0.22640808
303 0 FT921-279 3 97 0 0.22640808
303 0 FT923-8729 4 96 0 0.22640808
303 0 FT921-11036 5 95 0 0.22640808
303 0 FT921-1680 6 94 0 0.22640808
303 0 FT921-15153 7 93 0 0.22640808
303 0 FT922-286 8 92 0 0.22640808
303 0 FT922-12222 9 91 0 0.22640808
303 0 FR940303-2-00044 10 90 0 0.22640808
303 0 FT933-13370 11 89 0 0.22640808
303 0 FT921-16117 12 88 0 0.22640808
303 0 FT921-7191 13 87 0 0.22640808
303 0 FT921-13220 14 86 0 0.22640808
303 0 FT931-14117 15 85 0 0.22640808
303 0 FT921-1489 16 84 0 0.22640808
303 0 FT923-14604 17 83 0 0.22640808
303 0 FT922-13250 18 82 0 0.22640808
303 0 FT924-7594 19 81 0 0.22640808
303 0 FR940303-2-00041 20 80 0 0.22640808
303 0 FR940303-2-00036 21 79 0 0.22640808
303 0 FR941107-0-00038 22 78 0 0.22640808
303 0 FT921-8518 23 77 0 0.22640808
303 0 FT921-13698 24 76 0 0.22640808
303 0 FT922-9922 25 75 0 0.22640808
303 0 FBIS3-57772 26 74 0 0.22640808
303 0 FBIS3-41931 27 73 0 0.22640808
303 0 FT921-3155 28 72 0 0.22640808
303 0 FT931-14075 29 71 0 0.22640808
303 0 FT931-13976 30 70 0 0.22640808
303 0 FT932-10593 31 69 0 0.22640808
303 0 FT931-15446 32 68 0 0.22640808
303 0 FT921-9798 33 67 0 0.22640808
303 0 FT921-5808 34 66 0 0.22640808
303 0 FT921-12404 35 65 0 0.22640808
303 0 FT922-11216 36 64 0 0.22640808
303 0 FT932-7121 37 63 0 0.22640808
303 0 FT922-1880 38 62 0 0.22640808
303 0 FT921-4018 39 61 0 0.22640808
303 0 FT922-5268 40 60 0 0.22640808
303 0 FR940318-2-00171 41 59 0 0.22640808
303 0 FR940527-0-00055 42 58 0 0.22640808
303 0 FT923-4098 43 57 0 0.22640808
303 0 FT924-13303 44 56 0 0.22640808
303 0 FT924-7501 45 55 0 0.22640808
303 0 FT931-6003 46 54 0 0.22640808
303 0 FT921-15577 47 53 0 0.22640808
303 0 FT922-4098 48 52 0 0.22640808
303 0 FT922-2662 49 51 0 0.22640808
303 0 FT921-13113 50 50 0 0.22640808
303 0 FT931-12393 51 49 0 0.22640808
303 0 FT931-12624 52 48 0 0.22640808
303 0 FBIS3-21083 53 47 0 0.22640808
303 0 FT921-11761 54 46 0 0.22640808
303 0 FT921-9663 55 45 0 0.22640808
303 0 FT921-9673 56 44 0 0.22640808
303 0 FT922-7583 57 43 0 0.22640808
303 0 FT923-14844 58 42 0 0.22640808
303 0 FT922-2810 59 41 0 0.22640808
303 0 FT923-13549 60 40 0 0.22640808
303 0 FT931-7540 61 39 0 0.22640808
303 0 FT931-12630 62 38 0 0.22640808
303 0 FT931-12394 63 37 0 0.22640808
303 0 FR941125-2-00066 64 36 0 0.22640808
303 0 FT921-10901 65 35 0 0.22640808
303 0 FT921-6270 66 34 0 0.22640808
303 0 FBIS4-44913 67 33 0 0.22640808
303 0 FT931-2167 68 32 0 0.22640808
303 0 FT922-6364 69 31 0 0.22640808
303 0 FR940223-2-00028 70 30 0 0.22640808
303 0 FT931-15092 71 29 0 0.22640808
303 0 FT922-13275 72 28 0 0.22640808
303 0 FR941221-1-00031 73 27 0 0.22640808
303 0 FT931-6962 74 26 0 0.22640808
303 0 FT931-7151 75 25 0 0.22640808
303 0 FT921-10230 76 24 0 0.22640808
303 0 FT941-15276 77 23 0 0.22640808
303 0 FT922-1607 78 22 0 0.22640808
303 0 FT931-13614 79 21 0 0.22640808
303 0 FT931-3705 80 20 0 0.22640808
303 0 FT931-8143 81 19 0 0.22640808
303 0 FT931-1692 82 18 0 0.22640808
303 0 FT921-2845 83 17 0 0.22640808
303 0 FT921-9210 84 16 0 0.22640808
303 0 FR940920-1-00037 85 15 0 0.22640808
303 0 FBIS3-57771 86 14 0 0.22640808
303 0 FT923-4484 87 13 0 0.22640808
303 0 FR940223-2-00024 88 12 0 0.22640808
303 0 FT921-12124 89 11 0 0.22640808
303 0 FT931-15811 90 10 0 0.22640808
303 0 FT932-13544 91 9 0 0.22640808
303 0 FR940920-1-00038 92 8 0 0.22640808
303 0 FBIS4-20739 93 7 0 0.22640808
303 0 FT922-13998 94 6 0 0.22640808
303 0 FT922-12092 95 5 0 0.22640808
303 0 FT922-2399 96 4 0 0.22640808
303 0 FT923-3260 97 3 0 0.22640808
303 0 FT931-7422 98 2 0 0.22640808
303 0 FT921-11994 99 1 0 0.22640808
317 0 FR941117-0-00080 0 100 0 0.1165291
317 0 FR941102-0-00069 1 99 0 0.1165291
317 0 FR940405-2-00056 2 98 0 0.1165291
317 0 LA020990-0097 3 97 0 0.1165291
317 0 LA040389-0071 4 96 0 0.1165291
317 0 FR941117-0-00062 5 95 0 0.1165291
317 0 FT924-1919 6 94 0 0.1165291
317 0 FR941206-2-00047 7 93 0 0.1165291
317 0 LA073090-0106 8 92 0 0.1165291
317 0 FR941117-0-00077 9 91 0 0.1165291
317 0 FT922-9160 10 90 0 0.1165291
317 0 FR941121-0-00103 11 89 0 0.1165291
317 0 FT942-5554 12 88 0 0.1165291
317 0 FT941-7883 13 87 0 0.1165291
317 0 FR941102-0-00071 14 86 0 0.1165291
317 0 LA060690-0073 15 85 0 0.1165291
317 0 FT922-10836 16 84 0 0.1165291
317 0 FR941117-0-00088 17 83 0 0.1165291
317 0 FR941117-0-00079 18 82 0 0.1165291
317 0 FR941117-0-00082 19 81 0 0.1165291
317 0 FT921-16600 20 80 0 0.1165291
317 0 FR941102-0-00073 21 79 0 0.1165291
317 0 LA013189-0096 22 78 0 0.1165291
317 0 LA092090-0048 23 77 0 0.1165291
317 0 FBIS3-45622 24 76 0 0.1165291
317 0 FBIS3-45731 25 75 0 0.1165291
317 0 FBIS3-45910 26 74 0 0.1165291
317 0 LA041490-0124 27 73 0 0.1165291
317 0 LA040589-0156 28 72 0 0.1165291
317 0 FR940105-1-00021 29 71 0 0.1165291
317 0 FT934-11988 30 70 0 0.1165291
317 0 LA020990-0157 31 69 0 0.1165291
317 0 LA121490-0137 32 68 0 0.1165291
317 0 LA060790-0167 33 67 0 0.1165291
317 0 LA012690-0186 34 66 0 0.1165291
317 0 FR940812-2-00180 35 65 0 0.1165291
317 0 LA040589-0154 36 64 0 0.1165291
317 0 FT944-6022 37 63 0 0.1165291
317 0 FR940812-2-00173 38 62 0 0.1165291
317 0 FT944-4637 39 61 0 0.1165291
317 0 FR941117-0-00081 40 60 0 0.1165291
317 0 FR940712-1-00063 41 59 0 0.1165291
317 0 FR941117-0-00074 42 58 0 0.1165291
317 0 FT943-12384 43 57 0 0.1165291
317 0 FR941102-0-00067 44 56 0 0.1165291
317 0 FT941-8123 45 55 0 0.1165291
317 0 FR940105-1-00020 46 54 0 0.1165291
317 0 FR941117-0-00094 47 53 0 0.1165291
317 0 FR940513-0-00011 48 52 0 0.1165291
317 0 LA070689-0157 49 51 0 0.1165291
317 0 FT911-680 50 50 0 0.1165291
317 0 LA020890-0240 51 49 0 0.1165291
317 0 LA081690-0224 52 48 0 0.1165291
317 0 LA061889-0165 53 47 0 0.1165291
317 0 FR941117-0-00096 54 46 0 0.1165291
317 0 FR941206-2-00045 55 45 0 0.1165291
317 0 FR941117-0-00098 56 44 0 0.1165291
317 0 FR941117-0-00107 57 43 0 0.1165291
317 0 FR940713-2-00047 58 42 0 0.1165291
317 0 FT921-13109 59 41 0 0.1165291
317 0 FT933-1276 60 40 0 0.1165291
317 0 FT943-15515 61 39 0 0.1165291
317 0 LA071390-0125 62 38 0 0.1165291
317 0 FR941103-2-00080 63 37 0 0.1165291
317 0 FR940524-0-00025 64 36 0 0.1165291
317 0 FT932-7215 65 35 0 0.1165291
317 0 FT923-4155 66 34 0 0.1165291
317 0 FT941-13152 67 33 0 0.1165291
317 0 FR941102-0-00068 68 32 0 0.1165291
317 0 LA121490-0135 69 31 0 0.1165291
317 0 FR940127-0-00027 70 30 0 0.1165291
317 0 LA121490-0014 71 29 0 0.1165291
317 0 LA041689-0002 72 28 0 0.1165291
317 0 FR940812-2-00175 73 27 0 0.1165291
317 0 FR941117-0-00106 74 26 0 0.1165291
317 0 LA102889-0118 75 25 0 0.1165291
317 0 FR941117-0-00162 76 24 0 0.1165291
317 0 FT923-12634 77 23 0 0.1165291
317 0 LA121890-0029 78 22 0 0.1165291
317 0 FT924-9113 79 21 0 0.1165291
317 0 FT933-1501 80 20 0 0.1165291
317 0 LA071790-0090 81 19 0 0.1165291
317 0 FR940812-2-00176 82 18 0 0.1165291
317 0 FR940513-0-00013 83 17 0 0.1165291
317 0 FR940812-2-00174 84 16 0 0.1165291
317 0 FR940524-0-00032 85 15 0 0.1165291
317 0 FR941128-2-00049 86 14 0 0.1165291
317 0 FR941117-0-00078 87 13 0 0.1165291
317 0 FT944-5062 88 12 0 0.1165291
317 0 FT942-2653 89 11 0 0.1165291
317 0 LA070490-0101 90 10 0 0.1165291
317 0 FT923-2393 91 9 0 0.1165291
317 0 FR940620-0-00073 92 8 0 0.1165291
317 0 FR940606-2-00042 93 7 0 0.1165291
317 0 FR940826-0-00080 94 6 0 0.1165291
317 0 FR940812-2-00179 95 5 0 0.1165291
317 0 FR941117-0-00143 96 4 0 0.1165291
317 0 FR940527-0-00074 97 3 0 0.1165291
317 0 FR940524-0-00027 98 2 0 0.1165291
317 0 LA080889-0060 99 1 0 0.1165291
326 0 FT943-16491 0 100 0 0.11760049
326 0 LA110890-0272 1 99 0 0.11760049
326 0 FR940719-0-00005 2 98 0 0.11760049
326 0 FT943-2433 3 97 0 0.11760049
326 0 LA110890-0265 4 96 0 0.11760049
326 0 FT922-15513 5 95 0 0.11760049
326 0 LA043089-0241 6 94 0 0.11760049
326 0 LA060790-0193 7 93 0 0.11760049
326 0 LA060790-0186 8 92 0 0.11760049
326 0 FT943-3819 9 91 0 0.11760049
326 0 FR941212-1-00074 10 90 0 0.11760049
326 0 FT922-9276 11 89 0 0.11760049
326 0 FT933-4971 12 88 0 0.11760049
326 0 FT941-4656 13 87 0 0.11760049
326 0 FT932-9239 14 86 0 0.11760049
326 0 LA060790-0187 15 85 0 0.11760049
326 0 LA110890-0263 16 84 0 0.11760049
326 0 LA060790-0189 17 83 0 0.11760049
326 0 LA110890-0264 18 82 0 0.11760049
326 0 FT943-8586 19 81 0 0.11760049
326 0 FT943-9137 20 80 0 0.11760049
326 0 LA110890-0273 21 79 0 0.11760049
326 0 FT943-8801 22 78 0 0.11760049
326 0 FT943-7928 23 77 0 0.11760049
326 0 LA110890-0266 24 76 0 0.11760049
326 0 FR940805-0-00048 25 75 0 0.11760049
326 0 LA110890-0268 26 74 0 0.11760049
326 0 FBIS4-65954 27 73 0 0.11760049
326 0 FR940620-0-00166 28 72 0 0.11760049
326 0 LA090890-0024 29 71 0 0.11760049
326 0 LA033089-0178 30 70 0 0.11760049
326 0 FT921-12134 31 69 0 0.11760049
326 0 FBIS4-64531 32 68 0 0.11760049
326 0 LA060790-0190 33 67 0 0.11760049
326 0 LA060790-0185 34 66 0 0.11760049
326 0 LA060790-0188 35 65 0 0.11760049
326 0 FBIS4-30622 36 64 0 0.11760049
326 0 FR940428-2-00122 37 63 0 0.11760049
326 0 FBIS4-25832 38 62 0 0.11760049
326 0 LA102889-0131 39 61 0 0.11760049
326 0 LA051289-0023 40 60 0 0.11760049
326 0 FT943-7811 41 59 0 0.11760049
326 0 FT924-13261 42 58 0 0.11760049
326 0 LA110890-0271 43 57 0 0.11760049
326 0 FT933-4219 44 56 0 0.11760049
326 0 FT944-5702 45 55 0 0.11760049
326 0 FT943-8770 46 54 0 0.11760049
326 0 FT943-7181 47 53 0 0.11760049
326 0 FT943-9115 48 52 0 0.11760049
326 0 FT943-5553 49 51 0 0.11760049
326 0 LA052090-0166 50 50 0 0.11760049
326 0 FT943-10849 51 49 0 0.11760049
326 0 FT942-5367 52 48 0 0.11760049
326 0 LA110890-0269 53 47 0 0.11760049
326 0 FT911-1041 54 46 0 0.11760049
326 0 FT941-1067 55 45 0 0.11760049
326 0 FT923-5411 56 44 0 0.11760049
326 0 FBIS4-49288 57 43 0 0.11760049
326 0 FBIS3-46863 58 42 0 0.11760049
326 0 FT924-7453 59 41 0 0.11760049
326 0 FT924-5854 60 40 0 0.11760049
326 0 FT924-6434 61 39 0 0.11760049
326 0 FT921-13498 62 38 0 0.11760049
326 0 FT924-6054 63 37 0 0.11760049
326 0 LA031889-0029 64 36 0 0.11760049
326 0 FT942-3493 65 35 0 0.11760049
326 0 FT924-4084 66 34 0 0.11760049
326 0 FT932-13283 67 33 0 0.11760049
326 0 FT931-11468 68 32 0 0.11760049
326 0 LA051290-0047 69 31 0 0.11760049
326 0 LA082990-0061 70 30 0 0.11760049
326 0 FT933-7470 71 29 0 0.11760049
326 0 FT944-3646 72 28 0 0.11760049
326 0 FT944-1632 73 27 0 0.11760049
326 0 FT943-13754 74 26 0 0.11760049
326 0 FT943-6441 75 25 0 0.11760049
326 0 FT923-468 76 24 0 0.11760049
326 0 LA083189-0016 77 23 0 0.11760049
326 0 LA052490-0097 78 22 0 0.11760049
326 0 FT921-3376 79 21 0 0.11760049
326 0 LA033189-0152 80 20 0 0.11760049
326 0 FT922-2848 81 19 0 0.11760049
326 0 LA062290-0142 82 18 0 0.11760049
326 0 FBIS3-4080 83 17 0 0.11760049
326 0 FT934-10194 84 16 0 0.11760049
326 0 FT932-13147 85 15 0 0.11760049
326 0 FT921-3933 86 14 0 0.11760049
326 0 LA042289-0132 87 13 0 0.11760049
326 0 FBIS4-3933 88 12 0 0.11760049
326 0 FBIS4-58263 89 11 0 0.11760049
326 0 LA051589-0027 90 10 0 0.11760049
326 0 FT923-7782 91 9 0 0.11760049
326 0 LA110889-0169 92 8 0 0.11760049
326 0 FBIS3-26276 93 7 0 0.11760049
326 0 FT921-10366 94 6 0 0.11760049
326 0 FT941-9783 95 5 0 0.11760049
326 0 FT933-6257 96 4 0 0.11760049
326 0 LA080589-0049 97 3 0 0.11760049
326 0 LA110490-0185 98 2 0 0.11760049
326 0 FT932-2471 99 1 0 0.11760049
352 0 FT934-10658 0 100 0 0.040225614
352 0 FT934-11803 1 99 0 0.040225614
352 0 FT944-14192 2 98 0 0.040225614
352 0 FT942-12999 3 97 0 0.040225614
352 0 FT943-904 4 96 0 0.040225614
352 0 FT942-9865 5 95 0 0.040225614
352 0 FT934-10925 6 94 0 0.040225614
352 0 FT942-8510 7 93 0 0.040225614
352 0 FT941-6838 8 92 0 0.040225614
352 0 FT942-6682 9 91 0 0.040225614
352 0 FT942-16323 10 90 0 0.040225614
352 0 LA022290-0014 11 89 0 0.040225614
352 0 LA120290-0163 12 88 0 0.040225614
352 0 FT934-2741 13 87 0 0.040225614
352 0 FT944-14451 14 86 0 0.040225614
352 0 FT941-15354 15 85 0 0.040225614
352 0 FT934-15414 16 84 0 0.040225614
352 0 FT932-5866 17 83 0 0.040225614
352 0 FBIS4-43387 18 82 0 0.040225614
352 0 FT941-16017 19 81 0 0.040225614
352 0 FT943-2171 20 80 0 0.040225614
352 0 FT942-10854 21 79 0 0.040225614
352 0 FT943-6348 22 78 0 0.040225614
352 0 FT942-11118 23 77 0 0.040225614
352 0 FT942-11114 24 76 0 0.040225614
352 0 FT942-10959 25 75 0 0.040225614
352 0 FT944-4064 26 74 0 0.040225614
352 0 FT923-6596 27 73 0 0.040225614
352 0 FT924-4987 28 72 0 0.040225614
352 0 FT922-14746 29 71 0 0.040225614
352 0 FT941-10270 30 70 0 0.040225614
352 0 FT941-4219 31 69 0 0.040225614
357 0 FT943-8586 0 100 0 0.09552645
357 0 FT943-9137 1 99 0 0.09552645
357 0 FT932-3762 2 98 0 0.09552645
357 0 LA031290-0063 3 97 0 0.09552645
357 0 LA122289-0020 4 96 0 0.09552645
357 0 LA051290-0047 5 95 0 0.09552645
357 0 FBIS4-3323 6 94 0 0.09552645
357 0 FT931-11326 7 93 0 0.09552645
357 0 LA040789-0173 8 92 0 0.09552645
357 0 LA062789-0048 9 91 0 0.09552645
357 0 FR940114-0-00043 10 90 0 0.09552645
357 0 FT934-8967 11 89 0 0.09552645
357 0 FBIS4-5657 12 88 0 0.09552645
357 0 FT932-3620 13 87 0 0.09552645
357 0 LA051289-0185 14 86 0 0.09552645
357 0 FT933-8888 15 85 0 0.09552645
357 0 FR940525-1-00028 16 84 0 0.09552645
357 0 FT943-2841 17 83 0 0.09552645
357 0 FT922-3431 18 82 0 0.09552645
357 0 FT944-16610 19 81 0 0.09552645
357 0 FT924-14105 20 80 0 0.09552645
357 0 FR941020-2-00141 21 79 0 0.09552645
357 0 LA060190-0010 22 78 0 0.09552645
357 0 LA111290-0098 23 77 0 0.09552645
357 0 FBIS4-50048 24 76 0 0.09552645
357 0 LA121290-0166 25 75 0 0.09552645
357 0 FT941-12177 26 74 0 0.09552645
357 0 LA092790-0251 27 73 0 0.09552645
357 0 LA081289-0007 28 72 0 0.09552645
357 0 FT944-3816 29 71 0 0.09552645
357 0 LA021289-0171 30 70 0 0.09552645
357 0 LA020890-0252 31 69 0 0.09552645
357 0 FT932-9729 32 68 0 0.09552645
357 0 LA080489-0136 33 67 0 0.09552645
357 0 FBIS4-52621 34 66 0 0.09552645
357 0 FT924-2465 35 65 0 0.09552645
357 0 LA111290-0105 36 64 0 0.09552645
357 0 FBIS4-53445 37 63 0 0.09552645
357 0 LA081190-0131 38 62 0 0.09552645
357 0 FT944-2360 39 61 0 0.09552645
357 0 FT944-2802 40 60 0 0.09552645
357 0 FT933-8856 41 59 0 0.09552645
357 0 LA121290-0130 42 58 0 0.09552645
357 0 LA101290-0197 43 57 0 0.09552645
357 0 LA011290-0133 44 56 0 0.09552645
357 0 FBIS4-19037 45 55 0 0.09552645
357 0 LA051289-0023 46 54 0 0.09552645
357 0 LA061289-0079 47 53 0 0.09552645
357 0 FT933-8056 48 52 0 0.09552645
357 0 FT934-12996 49 51 0 0.09552645
357 0 LA032290-0059 50 50 0 0.09552645
357 0 FT942-16141 51 49 0 0.09552645
357 0 FT932-10353 52 48 0 0.09552645
357 0 LA112290-0216 53 47 0 0.09552645
357 0 FBIS3-59697 54 46 0 0.09552645
357 0 FT931-8191 55 45 0 0.09552645
357 0 FT942-9752 56 44 0 0.09552645
357 0 LA081289-0067 57 43 0 0.09552645
357 0 FT942-5286 58 42 0 0.09552645
357 0 FBIS3-11481 59 41 0 0.09552645
357 0 FT932-3853 60 40 0 0.09552645
357 0 FT933-8586 61 39 0 0.09552645
357 0 FT944-3403 62 38 0 0.09552645
357 0 LA120790-0122 63 37 0 0.09552645
357 0 LA073189-0081 64 36 0 0.09552645
357 0 LA011290-0138 65 35 0 0.09552645
357 0 LA082590-0032 66 34 0 0.09552645
357 0 LA101190-0073 67 33 0 0.09552645
357 0 FBIS4-67689 68 32 0 0.09552645
357 0 FT924-15223 69 31 0 0.09552645
357 0 FBIS4-59376 70 30 0 0.09552645
357 0 LA012989-0186 71 29 0 0.09552645
357 0 FT941-1061 72 28 0 0.09552645
357 0 FT924-13074 73 27 0 0.09552645
357 0 FR940831-2-00104 74 26 0 0.09552645
357 0 FT941-2579 75 25 0 0.09552645
357 0 FT931-521 76 24 0 0.09552645
357 0 FBIS4-15914 77 23 0 0.09552645
357 0 FBIS4-27497 78 22 0 0.09552645
357 0 FBIS3-23240 79 21 0 0.09552645
357 0 LA042289-0091 80 20 0 0.09552645
357 0 FBIS4-40391 81 19 0 0.09552645
357 0 FT942-10149 82 18 0 0.09552645
357 0 LA101290-0100 83 17 0 0.09552645
357 0 FBIS4-19687 84 16 0 0.09552645
357 0 LA030190-0107 85 15 0 0.09552645
357 0 FBIS4-9760 86 14 0 0.09552645
357 0 FBIS4-67694 87 13 0 0.09552645
357 0 LA050990-0134 88 12 0 0.09552645
357 0 FBIS3-10764 89 11 0 0.09552645
357 0 FT944-9982 90 10 0 0.09552645
357 0 FBIS4-47382 91 9 0 0.09552645
357 0 FBIS4-43685 92 8 0 0.09552645
357 0 FT933-15044 93 7 0 0.09552645
357 0 FBIS4-8938 94 6 0 0.09552645
357 0 FT931-9760 95 5 0 0.09552645
357 0 FT933-8932 96 4 0 0.09552645
357 0 FR940224-0-00014 97 3 0 0.09552645
357 0 FBIS3-47430 98 2 0 0.09552645
357 0 FT942-8333 99 1 0 0.09552645
409 0 LA110489-0092 0 100 0 0.097639285
409 0 LA120589-0083 1 99 0 0.097639285
409 0 FT923-13692 2 98 0 0.097639285
409 0 LA051690-0101 3 97 0 0.097639285
409 0 LA122189-0212 4 96 0 0.097639285
409 0 LA031789-0067 5 95 0 0.097639285
409 0 FT923-13817 6 94 0 0.097639285
409 0 LA121589-0082 7 93 0 0.097639285
409 0 LA021790-0109 8 92 0 0.097639285
409 0 LA112190-0152 9 91 0 0.097639285
409 0 FT923-11688 10 90 0 0.097639285
409 0 FT941-758 11 89 0 0.097639285
409 0 LA042190-0024 12 88 0 0.097639285
409 0 LA041989-0145 13 87 0 0.097639285
409 0 LA042089-0111 14 86 0 0.097639285
409 0 LA091290-0053 15 85 0 0.097639285
409 0 LA050989-0113 16 84 0 0.097639285
409 0 LA032089-0047 17 83 0 0.097639285
409 0 LA010989-0092 18 82 0 0.097639285
409 0 LA032790-0138 19 81 0 0.097639285
409 0 LA103190-0165 20 80 0 0.097639285
409 0 LA092189-0137 21 79 0 0.097639285
409 0 LA080589-0053 22 78 0 0.097639285
409 0 LA031989-0099 23 77 0 0.097639285
409 0 FT924-6981 24 76 0 0.097639285
409 0 FT921-7121 25 75 0 0.097639285
409 0 LA010789-0065 26 74 0 0.097639285
409 0 LA010889-0089 27 73 0 0.097639285
409 0 LA011789-0136 28 72 0 0.097639285
409 0 LA021989-0162 29 71 0 0.097639285
409 0 FT934-4871 30 70 0 0.097639285
409 0 LA041689-0098 31 69 0 0.097639285
409 0 LA010389-0034 32 68 0 0.097639285
409 0 LA010589-0105 33 67 0 0.097639285
409 0 FT921-731 34 66 0 0.097639285
409 0 LA010689-0055 35 65 0 0.097639285
409 0 FT921-5157 36 64 0 0.097639285
409 0 LA091689-0123 37 63 0 0.097639285
409 0 LA010289-0027 38 62 0 0.097639285
409 0 LA122289-0117 39 61 0 0.097639285
409 0 LA031389-0002 40 60 0 0.097639285
409 0 FBIS4-43432 41 59 0 0.097639285
409 0 LA123089-0085 42 58 0 0.097639285
409 0 LA033089-0211 43 57 0 0.097639285
409 0 LA051989-0172 44 56 0 0.097639285
409 0 LA093090-0090 45 55 0 0.097639285
409 0 LA011489-0111 46 54 0 0.097639285
409 0 LA122989-0055 47 53 0 0.097639285
409 0 LA052389-0075 48 52 0 0.097639285
409 0 LA051990-0107 49 51 0 0.097639285
409 0 LA031190-0197 50 50 0 0.097639285
409 0 LA060490-0025 51 49 0 0.097639285
409 0 FT933-8501 52 48 0 0.097639285
409 0 FBIS4-43306 53 47 0 0.097639285
409 0 FBIS4-46418 54 46 0 0.097639285
409 0 LA060190-0181 55 45 0 0.097639285
409 0 LA020789-0124 56 44 0 0.097639285
409 0 LA032389-0197 57 43 0 0.097639285
409 0 FT922-12147 58 42 0 0.097639285
409 0 LA011189-0063 59 41 0 0.097639285
409 0 LA010389-0033 60 40 0 0.097639285
409 0 LA021289-0119 61 39 0 0.097639285
409 0 LA031089-0062 62 38 0 0.097639285
409 0 LA030589-0192 63 37 0 0.097639285
409 0 FT941-11932 64 36 0 0.097639285
409 0 FT921-487 65 35 0 0.097639285
409 0 FBIS4-43146 66 34 0 0.097639285
409 0 LA082989-0108 67 33 0 0.097639285
409 0 LA110889-0046 68 32 0 0.097639285
409 0 FT922-14212 69 31 0 0.097639285
409 0 FBIS4-68194 70 30 0 0.097639285
409 0 FBIS4-14 71 29 0 0.097639285
409 0 FT922-15374 72 28 0 0.097639285
409 0 FBIS4-30721 73 27 0 0.097639285
409 0 LA092689-0003 74 26 0 0.097639285
409 0 LA040389-0094 75 25 0 0.097639285
409 0 LA022289-0149 76 24 0 0.097639285
409 0 LA052090-0031 77 23 0 0.097639285
409 0 FT921-2687 78 22 0 0.097639285
409 0 LA033189-0104 79 21 0 0.097639285
409 0 FT921-5896 80 20 0 0.097639285
409 0 FT921-9119 81 19 0 0.097639285
409 0 FBIS4-36895 82 18 0 0.097639285
409 0 LA122989-0147 83 17 0 0.097639285
409 0 LA020889-0080 84 16 0 0.097639285
409 0 LA110989-0119 85 15 0 0.097639285
409 0 LA112190-0042 86 14 0 0.097639285
409 0 LA040690-0069 87 13 0 0.097639285
409 0 LA091590-0045 88 12 0 0.097639285
409 0 FT934-8896 89 11 0 0.097639285
409 0 FT921-714 90 10 0 0.097639285
409 0 LA051089-0085 91 9 0 0.097639285
409 0 FT943-2134 92 8 0 0.097639285
409 0 FT934-10088 93 7 0 0.097639285
409 0 FBIS3-23417 94 6 0 0.097639285
409 0 LA122290-0135 95 5 0 0.097639285
409 0 FT933-8455 96 4 0 0.097639285
409 0 LA031689-0212 97 3 0 0.097639285
409 0 LA050589-0065 98 2 0 0.097639285
409 0 FBIS4-36734 99 1 0 0.097639285
614 0 FR940523-2-00056 0 100 0 0.17693076
614 0 FR941003-2-00006 1 99 0 0.17693076
614 0 FT941-7775 2 98 0 0.17693076
614 0 FT943-15996 3 97 0 0.17693076
614 0 FT942-8796 4 96 0 0.17693076
614 0 FT923-15556 5 95 0 0.17693076
614 0 FR940523-0-00038 6 94 0 0.17693076
614 0 FR940523-0-00037 7 93 0 0.17693076
614 0 FR940523-0-00043 8 92 0 0.17693076
614 0 FR940523-0-00039 9 91 0 0.17693076
614 0 FT922-9346 10 90 0 0.17693076
614 0 LA080290-0026 11 89 0 0.17693076
614 0 FR940523-0-00044 12 88 0 0.17693076
614 0 FT941-3180 13 87 0 0.17693076
614 0 LA080290-0023 14 86 0 0.17693076
614 0 FR940523-0-00033 15 85 0 0.17693076
614 0 FR940523-0-00040 16 84 0 0.17693076
614 0 FR940523-0-00042 17 83 0 0.17693076
614 0 LA060790-0023 18 82 0 0.17693076
614 0 LA080290-0028 19 81 0 0.17693076
614 0 LA011589-0097 20 80 0 0.17693076
614 0 LA021789-0017 21 79 0 0.17693076
614 0 LA080990-0077 22 78 0 0.17693076
614 0 LA042790-0063 23 77 0 0.17693076
614 0 LA100590-0084 24 76 0 0.17693076
614 0 LA082390-0004 25 75 0 0.17693076
614 0 LA071390-0051 26 74 0 0.17693076
614 0 LA032290-0098 27 73 0 0.17693076
614 0 LA080390-0078 28 72 0 0.17693076
614 0 LA061590-0026 29 71 0 0.17693076
614 0 LA083090-0219 30 70 0 0.17693076
614 0 LA102689-0029 31 69 0 0.17693076
614 0 LA080290-0025 32 68 0 0.17693076
614 0 LA092989-0053 33 67 0 0.17693076
614 0 LA122289-0026 34 66 0 0.17693076
614 0 LA110890-0028 35 65 0 0.17693076
614 0 LA040690-0103 36 64 0 0.17693076
614 0 LA042889-0047 37 63 0 0.17693076
614 0 LA081090-0054 38 62 0 0.17693076
614 0 LA032590-0006 39 61 0 0.17693076
614 0 LA051090-0036 40 60 0 0.17693076
614 0 LA082490-0039 41 59 0 0.17693076
614 0 LA042990-0024 42 58 0 0.17693076
614 0 LA052790-0017 43 57 0 0.17693076
614 0 LA012989-0037 44 56 0 0.17693076
614 0 FR940523-0-00041 45 55 0 0.17693076
614 0 LA081790-0050 46 54 0 0.17693076
614 0 LA101290-0060 47 53 0 0.17693076
614 0 FR940523-0-00047 48 52 0 0.17693076
614 0 LA112489-0033 49 51 0 0.17693076
614 0 LA092189-0069 50 50 0 0.17693076
614 0 LA021590-0064 51 49 0 0.17693076
614 0 LA100589-0073 52 48 0 0.17693076
614 0 LA032489-0083 53 47 0 0.17693076
614 0 LA122489-0075 54 46 0 0.17693076
614 0 LA080389-0041 55 45 0 0.17693076
614 0 FT923-14241 56 44 0 0.17693076
614 0 LA031190-0166 57 43 0 0.17693076
614 0 LA112990-0075 58 42 0 0.17693076
614 0 LA081089-0069 59 41 0 0.17693076
614 0 LA081090-0025 60 40 0 0.17693076
614 0 LA081389-0005 61 39 0 0.17693076
614 0 LA110289-0044 62 38 0 0.17693076
614 0 LA121390-0077 63 37 0 0.17693076
614 0 LA073089-0121 64 36 0 0.17693076
614 0 LA110190-0059 65 35 0 0.17693076
614 0 LA030890-0078 66 34 0 0.17693076
614 0 FT933-6477 67 33 0 0.17693076
614 0 FT944-10283 68 32 0 0.17693076
614 0 LA081189-0039 69 31 0 0.17693076
614 0 LA080990-0092 70 30 0 0.17693076
614 0 LA030589-0016 71 29 0 0.17693076
614 0 LA052589-0039 72 28 0 0.17693076
614 0 LA031989-0171 73 27 0 0.17693076
614 0 LA052590-0096 74 26 0 0.17693076
614 0 LA080990-0082 75 25 0 0.17693076
614 0 LA040590-0003 76 24 0 0.17693076
614 0 LA072990-0002 77 23 0 0.17693076
614 0 LA101190-0033 78 22 0 0.17693076
614 0 LA081889-0043 79 21 0 0.17693076
614 0 LA022689-0103 80 20 0 0.17693076
614 0 LA110389-0053 81 19 0 0.17693076
614 0 LA083189-0203 82 18 0 0.17693076
614 0 LA110389-0029 83 17 0 0.17693076
614 0 LA091490-0120 84 16 0 0.17693076
614 0 LA030389-0164 85 15 0 0.17693076
614 0 LA060289-0031 86 14 0 0.17693076
614 0 LA053190-0130 87 13 0 0.17693076
614 0 LA092989-0082 88 12 0 0.17693076
614 0 LA022389-0082 89 11 0 0.17693076
614 0 LA041689-0084 90 10 0 0.17693076
614 0 LA062989-0029 91 9 0 0.17693076
614 0 LA032390-0051 92 8 0 0.17693076
614 0 LA100689-0017 93 7 0 0.17693076
614 0 LA100490-0240 94 6 0 0.17693076
614 0 LA092890-0077 95 5 0 0.17693076
614 0 LA042790-0032 96 4 0 0.17693076
614 0 LA011389-0147 97 3 0 0.17693076
614 0 LA052689-0018 98 2 0 0.17693076
614 0 LA011990-0043 99 1 0 0.17693076
616 0 FT922-11481 0 100 0 0.14318448
616 0 LA121989-0142 1 99 0 0.14318448
616 0 LA100489-0155 2 98 0 0.14318448
616 0 LA071990-0233 3 97 0 0.14318448
616 0 FT943-15263 4 96 0 0.14318448
616 0 FT921-12325 5 95 0 0.14318448
616 0 FT934-8029 6 94 0 0.14318448
616 0 FT944-1563 7 93 0 0.14318448
616 0 FR941103-2-00144 8 92 0 0.14318448
616 0 FT933-6399 9 91 0 0.14318448
616 0 FT934-9748 10 90 0 0.14318448
616 0 FT942-1477 11 89 0 0.14318448
616 0 FR941103-2-00143 12 88 0 0.14318448
616 0 FT921-11970 13 87 0 0.14318448
616 0 LA101990-0184 14 86 0 0.14318448
616 0 FT922-4787 15 85 0 0.14318448
616 0 FT944-6905 16 84 0 0.14318448
616 0 FT941-13627 17 83 0 0.14318448
616 0 FT933-10713 18 82 0 0.14318448
616 0 FT931-5713 19 81 0 0.14318448
616 0 FT924-14811 20 80 0 0.14318448
616 0 FT932-16015 21 79 0 0.14318448
616 0 FT924-6204 22 78 0 0.14318448
616 0 FBIS3-27844 23 77 0 0.14318448
616 0 FT934-6474 24 76 0 0.14318448
616 0 FT943-5372 25 75 0 0.14318448
616 0 FT931-8344 26 74 0 0.14318448
616 0 FT931-3507 27 73 0 0.14318448
616 0 FT943-5128 28 72 0 0.14318448
616 0 FT933-9672 29 71 0 0.14318448
616 0 FR941103-2-00145 30 70 0 0.14318448
616 0 FT931-5582 31 69 0 0.14318448
616 0 FT933-3112 32 68 0 0.14318448
616 0 FT934-5647 33 67 0 0.14318448
616 0 LA031290-0126 34 66 0 0.14318448
616 0 FR941103-2-00142 35 65 0 0.14318448
616 0 FT932-6760 36 64 0 0.14318448
616 0 FT942-13434 37 63 0 0.14318448
616 0 FT934-17192 38 62 0 0.14318448
616 0 FT944-11143 39 61 0 0.14318448
616 0 LA031289-0034 40 60 0 0.14318448
616 0 FT944-5743 41 59 0 0.14318448
616 0 FBIS4-64199 42 58 0 0.14318448
616 0 FT921-4607 43 57 0 0.14318448
616 0 FT932-6771 44 56 0 0.14318448
616 0 FT933-12687 45 55 0 0.14318448
616 0 FBIS3-20195 46 54 0 0.14318448
616 0 FR940505-2-00143 47 53 0 0.14318448
616 0 FT924-439 48 52 0 0.14318448
616 0 FT934-1356 49 51 0 0.14318448
616 0 FT922-12128 50 50 0 0.14318448
616 0 FT933-13711 51 49 0 0.14318448
616 0 FT911-5212 52 48 0 0.14318448
616 0 FT931-6760 53 47 0 0.14318448
616 0 LA040789-0024 54 46 0 0.14318448
616 0 FT932-6973 55 45 0 0.14318448
616 0 FT922-10720 56 44 0 0.14318448
616 0 LA081690-0179 57 43 0 0.14318448
616 0 FT921-14851 58 42 0 0.14318448
616 0 FT933-11230 59 41 0 0.14318448
616 0 FBIS3-20942 60 40 0 0.14318448
616 0 FT931-5603 61 39 0 0.14318448
616 0 FT923-5868 62 38 0 0.14318448
616 0 FT931-506 63 37 0 0.14318448
616 0 FT923-10115 64 36 0 0.14318448
616 0 FT933-14156 65 35 0 0.14318448
616 0 FT944-4103 66 34 0 0.14318448
616 0 FT942-11198 67 33 0 0.14318448
616 0 FT941-8122 68 32 0 0.14318448
616 0 FT933-3164 69 31 0 0.14318448
616 0 FBIS4-3739 70 30 0 0.14318448
616 0 FT924-3619 71 29 0 0.14318448
616 0 FT942-10127 72 28 0 0.14318448
616 0 LA041889-0147 73 27 0 0.14318448
616 0 FT933-9070 74 26 0 0.14318448
616 0 FT944-14040 75 25 0 0.14318448
616 0 FT943-13437 76 24 0 0.14318448
616 0 FT944-4363 77 23 0 0.14318448
616 0 FBIS4-42782 78 22 0 0.14318448
616 0 FT923-3213 79 21 0 0.14318448
616 0 FT943-11763 80 20 0 0.14318448
616 0 LA010489-0132 81 19 0 0.14318448
616 0 FT941-5368 82 18 0 0.14318448
616 0 FT934-3945 83 17 0 0.14318448
616 0 FT933-4428 84 16 0 0.14318448
616 0 FT932-9216 85 15 0 0.14318448
616 0 LA072890-0040 86 14 0 0.14318448
616 0 FT943-4864 87 13 0 0.14318448
616 0 LA112090-0184 88 12 0 0.14318448
616 0 FT911-2193 89 11 0 0.14318448
616 0 FT941-5621 90 10 0 0.14318448
616 0 FT931-1496 91 9 0 0.14318448
616 0 LA083090-0251 92 8 0 0.14318448
616 0 FT932-17188 93 7 0 0.14318448
616 0 FT932-5276 94 6 0 0.14318448
616 0 FT933-7701 95 5 0 0.14318448
616 0 LA090489-0082 96 4 0 0.14318448
616 0 FT943-5127 97 3 0 0.14318448
616 0 FT943-7009 98 2 0 0.14318448
616 0 FT942-16578 99 1 0 0.14318448
619 0 LA022689-0044 0 100 0 0.115124255
619 0 LA110489-0168 1 99 0 0.115124255
619 0 LA020990-0056 2 98 0 0.115124255
619 0 LA122789-0011 3 97 0 0.115124255
619 0 LA040989-0112 4 96 0 0.115124255
619 0 LA020790-0113 5 95 0 0.115124255
619 0 LA032290-0070 6 94 0 0.115124255
619 0 LA011090-0053 7 93 0 0.115124255
619 0 LA013190-0098 8 92 0 0.115124255
619 0 LA020890-0056 9 91 0 0.115124255
619 0 LA031790-0047 10 90 0 0.115124255
619 0 LA020290-0168 11 89 0 0.115124255
619 0 LA112189-0144 12 88 0 0.115124255
619 0 LA030990-0123 13 87 0 0.115124255
619 0 LA031790-0113 14 86 0 0.115124255
619 0 LA020290-0034 15 85 0 0.115124255
619 0 LA041390-0090 16 84 0 0.115124255
619 0 LA040490-0085 17 83 0 0.115124255
619 0 LA031190-0206 18 82 0 0.115124255
619 0 LA110189-0128 19 81 0 0.115124255
619 0 FT933-7452 20 80 0 0.115124255
619 0 LA030290-0162 21 79 0 0.115124255
619 0 LA032889-0043 22 78 0 0.115124255
619 0 LA101989-0202 23 77 0 0.115124255
619 0 LA092189-0073 24 76 0 0.115124255
619 0 FT921-4547 25 75 0 0.115124255
619 0 LA092189-0180 26 74 0 0.115124255
619 0 LA010789-0095 27 73 0 0.115124255
619 0 LA112189-0139 28 72 0 0.115124255
619 0 LA020290-0166 29 71 0 0.115124255
619 0 FT924-11606 30 70 0 0.115124255
619 0 LA050989-0018 31 69 0 0.115124255
619 0 LA022890-0129 32 68 0 0.115124255
619 0 LA022490-0103 33 67 0 0.115124255
619 0 LA032590-0199 34 66 0 0.115124255
619 0 FT932-9612 35 65 0 0.115124255
619 0 LA040690-0168 36 64 0 0.115124255
619 0 LA020290-0035 37 63 0 0.115124255
619 0 LA012690-0183 38 62 0 0.115124255
619 0 LA081289-0116 39 61 0 0.115124255
619 0 LA072289-0025 40 60 0 0.115124255
619 0 LA091289-0079 41 59 0 0.115124255
619 0 LA032290-0208 42 58 0 0.115124255
619 0 LA042890-0158 43 57 0 0.115124255
619 0 LA072590-0097 44 56 0 0.115124255
619 0 FR940414-1-00039 45 55 0 0.115124255
619 0 LA031290-0068 46 54 0 0.115124255
619 0 LA022790-0027 47 53 0 0.115124255
619 0 LA072889-0076 48 52 0 0.115124255
619 0 LA020290-0191 49 51 0 0.115124255
619 0 LA021490-0102 50 50 0 0.115124255
619 0 FT924-2282 51 49 0 0.115124255
619 0 LA022689-0054 52 48 0 0.115124255
619 0 LA042189-0177 53 47 0 0.115124255
619 0 LA013190-0097 54 46 0 0.115124255
619 0 FR940524-2-00084 55 45 0 0.115124255
619 0 LA011189-0154 56 44 0 0.115124255
619 0 FT933-8459 57 43 0 0.115124255
619 0 FT942-9330 58 42 0 0.115124255
619 0 LA092389-0085 59 41 0 0.115124255
619 0 LA011590-0075 60 40 0 0.115124255
619 0 LA011789-0094 61 39 0 0.115124255
619 0 LA020690-0030 62 38 0 0.115124255
619 0 LA012789-0169 63 37 0 0.115124255
619 0 LA042189-0178 64 36 0 0.115124255
619 0 LA013190-0138 65 35 0 0.115124255
619 0 LA011790-0006 66 34 0 0.115124255
619 0 LA051290-0124 67 33 0 0.115124255
619 0 FT943-8053 68 32 0 0.115124255
619 0 FBIS4-24637 69 31 0 0.115124255
619 0 LA041889-0062 70 30 0 0.115124255
619 0 LA010490-0131 71 29 0 0.115124255
619 0 LA040789-0170 72 28 0 0.115124255
619 0 LA010790-0202 73 27 0 0.115124255
619 0 LA111589-0061 74 26 0 0.115124255
619 0 LA101590-0097 75 25 0 0.115124255
619 0 LA072089-0194 76 24 0 0.115124255
619 0 LA030189-0122 77 23 0 0.115124255
619 0 LA100789-0151 78 22 0 0.115124255
619 0 LA021089-0080 79 21 0 0.115124255
619 0 LA051089-0110 80 20 0 0.115124255
619 0 LA011089-0033 81 19 0 0.115124255
619 0 LA111689-0061 82 18 0 0.115124255
619 0 LA031490-0146 83 17 0 0.115124255
619 0 LA013090-0158 84 16 0 0.115124255
619 0 LA100989-0101 85 15 0 0.115124255
619 0 LA020689-0080 86 14 0 0.115124255
619 0 LA011389-0105 87 13 0 0.115124255
619 0 LA011389-0078 88 12 0 0.115124255
619 0 LA111889-0008 89 11 0 0.115124255
619 0 LA051789-0038 90 10 0 0.115124255
619 0 LA102589-0132 91 9 0 0.115124255
619 0 LA031689-0151 92 8 0 0.115124255
619 0 LA102589-0131 93 7 0 0.115124255
619 0 LA021689-0140 94 6 0 0.115124255
619 0 LA022490-0102 95 5 0 0.115124255
619 0 FT924-7594 96 4 0 0.115124255
619 0 FT934-969 97 3 0 0.115124255
619 0 LA020489-0093 98 2 0 0.115124255
619 0 LA072089-0117 99 1 0 0.115124255
625 0 FR940214-2-00064 0 100 0 0.24140535
625 0 FR940214-2-00059 1 99 0 0.24140535
625 0 FR940214-2-00058 2 98 0 0.24140535
625 0 FR940214-2-00061 3 97 0 0.24140535
625 0 FR940214-2-00060 4 96 0 0.24140535
625 0 FR940214-2-00062 5 95 0 0.24140535
625 0 FR940214-2-00063 6 94 0 0.24140535
625 0 FR940214-2-00065 7 93 0 0.24140535
625 0 FR940214-2-00066 8 92 0 0.24140535
625 0 FT942-9330 9 91 0 0.24140535
625 0 FT942-16290 10 90 0 0.24140535
625 0 FR940921-2-00065 11 89 0 0.24140535
625 0 FR940104-2-00022 12 88 0 0.24140535
625 0 FR940302-2-00085 13 87 0 0.24140535
625 0 FR940419-2-00018 14 86 0 0.24140535
625 0 FR940810-2-00023 15 85 0 0.24140535
625 0 FR940419-2-00017 16 84 0 0.24140535
625 0 FR940414-0-00051 17 83 0 0.24140535
625 0 FR940104-2-00021 18 82 0 0.24140535
625 0 FBIS4-20739 19 81 0 0.24140535
625 0 FR940302-2-00084 20 80 0 0.24140535
625 0 FT942-17075 21 79 0 0.24140535
625 0 FT941-9375 22 78 0 0.24140535
625 0 FR940810-2-00027 23 77 0 0.24140535
625 0 FR940419-2-00019 24 76 0 0.24140535
625 0 FBIS3-35014 25 75 0 0.24140535
625 0 FBIS3-22996 26 74 0 0.24140535
625 0 FR941110-2-00101 27 73 0 0.24140535
625 0 FR940419-2-00016 28 72 0 0.24140535
625 0 FT942-14836 29 71 0 0.24140535
625 0 FT941-5116 30 70 0 0.24140535
625 0 FT941-12039 31 69 0 0.24140535
625 0 FT941-6527 32 68 0 0.24140535
625 0 FT941-10703 33 67 0 0.24140535
625 0 FT941-3651 34 66 0 0.24140535
625 0 FT942-16216 35 65 0 0.24140535
625 0 FR940810-2-00026 36 64 0 0.24140535
625 0 FR941007-0-00048 37 63 0 0.24140535
625 0 FBIS4-46717 38 62 0 0.24140535
625 0 FR940208-0-00069 39 61 0 0.24140535
625 0 FBIS4-25177 40 60 0 0.24140535
625 0 FBIS4-45813 41 59 0 0.24140535
625 0 FBIS4-41226 42 58 0 0.24140535
625 0 FBIS4-68762 43 57 0 0.24140535
625 0 FR940728-0-00016 44 56 0 0.24140535
625 0 FBIS4-20753 45 55 0 0.24140535
625 0 FBIS3-50999 46 54 0 0.24140535
625 0 FBIS4-4085 47 53 0 0.24140535
625 0 FT942-12091 48 52 0 0.24140535
625 0 FT942-13325 49 51 0 0.24140535
625 0 FT941-772 50 50 0 0.24140535
625 0 FR940128-2-00009 51 49 0 0.24140535
625 0 FT941-2322 52 48 0 0.24140535
625 0 FBIS3-20206 53 47 0 0.24140535
625 0 FT933-12891 54 46 0 0.24140535
625 0 FBIS3-9746 55 45 0 0.24140535
625 0 FBIS3-55293 56 44 0 0.24140535
625 0 FBIS3-12839 57 43 0 0.24140535
625 0 FR940419-2-00015 58 42 0 0.24140535
625 0 FR940216-0-00028 59 41 0 0.24140535
625 0 FT942-10453 60 40 0 0.24140535
625 0 FT943-12367 61 39 0 0.24140535
625 0 FT941-8139 62 38 0 0.24140535
625 0 FT941-13498 63 37 0 0.24140535
625 0 FT942-7864 64 36 0 0.24140535
625 0 FT942-2224 65 35 0 0.24140535
625 0 FT942-3737 66 34 0 0.24140535
625 0 FR941007-0-00053 67 33 0 0.24140535
625 0 FBIS4-66735 68 32 0 0.24140535
625 0 FBIS4-20740 69 31 0 0.24140535
625 0 FBIS3-21013 70 30 0 0.24140535
625 0 FT941-272 71 29 0 0.24140535
625 0 FT924-7981 72 28 0 0.24140535
625 0 FT943-9883 73 27 0 0.24140535
625 0 FBIS4-20548 74 26 0 0.24140535
625 0 FR940810-2-00022 75 25 0 0.24140535
625 0 FBIS4-44913 76 24 0 0.24140535
625 0 FBIS3-65 77 23 0 0.24140535
625 0 FBIS3-21483 78 22 0 0.24140535
625 0 FBIS3-7874 79 21 0 0.24140535
625 0 FBIS3-1854 80 20 0 0.24140535
625 0 FT941-11303 81 19 0 0.24140535
625 0 FBIS3-42572 82 18 0 0.24140535
625 0 FR940119-2-00039 83 17 0 0.24140535
625 0 FBIS4-46583 84 16 0 0.24140535
625 0 FBIS4-46581 85 15 0 0.24140535
625 0 FBIS4-19238 86 14 0 0.24140535
625 0 FBIS3-33103 87 13 0 0.24140535
625 0 FBIS3-43182 88 12 0 0.24140535
625 0 FBIS3-43128 89 11 0 0.24140535
625 0 FR940208-0-00063 90 10 0 0.24140535
625 0 FBIS3-23651 91 9 0 0.24140535
625 0 FR940407-0-00017 92 8 0 0.24140535
625 0 FBIS3-59124 93 7 0 0.24140535
625 0 FR940126-2-00027 94 6 0 0.24140535
625 0 FBIS3-50759 95 5 0 0.24140535
625 0 FT943-10901 96 4 0 0.24140535
625 0 FR940208-0-00066 97 3 0 0.24140535
625 0 FT934-13572 98 2 0 0.24140535
625 0 FT943-16433 99 1 0 0.24140535
626 0 FT931-15428 0 100 0 0.13098069
626 0 FT931-15589 1 99 0 0.13098069
626 0 FT931-9097 2 98 0 0.13098069
626 0 FT944-11734 3 97 0 0.13098069
626 0 FT933-14704 4 96 0 0.13098069
626 0 FT932-2468 5 95 0 0.13098069
626 0 FT933-836 6 94 0 0.13098069
626 0 FT942-10769 7 93 0 0.13098069
626 0 FT943-12840 8 92 0 0.13098069
626 0 FT941-14150 9 91 0 0.13098069
626 0 FT943-12263 10 90 0 0.13098069
626 0 FT931-16345 11 89 0 0.13098069
626 0 FT924-3527 12 88 0 0.13098069
626 0 FT932-11244 13 87 0 0.13098069
626 0 FT943-6147 14 86 0 0.13098069
626 0 FT933-6860 15 85 0 0.13098069
626 0 FT943-8660 16 84 0 0.13098069
626 0 FT932-8629 17 83 0 0.13098069
626 0 FT944-1245 18 82 0 0.13098069
626 0 FT933-1546 19 81 0 0.13098069
626 0 FT931-6321 20 80 0 0.13098069
626 0 FT944-9789 21 79 0 0.13098069
626 0 FT932-378 22 78 0 0.13098069
626 0 FT934-15587 23 77 0 0.13098069
626 0 FT944-1680 24 76 0 0.13098069
626 0 FT932-16377 25 75 0 0.13098069
626 0 FT933-3406 26 74 0 0.13098069
626 0 FT944-3693 27 73 0 0.13098069
626 0 FT942-9423 28 72 0 0.13098069
626 0 FT944-5638 29 71 0 0.13098069
626 0 FT941-9390 30 70 0 0.13098069
626 0 FT941-4350 31 69 0 0.13098069
626 0 FT944-1450 32 68 0 0.13098069
626 0 FT931-13156 33 67 0 0.13098069
626 0 FT932-17033 34 66 0 0.13098069
626 0 FT931-9614 35 65 0 0.13098069
626 0 FT942-7760 36 64 0 0.13098069
626 0 FT942-2310 37 63 0 0.13098069
626 0 FT934-5641 38 62 0 0.13098069
626 0 FT943-5273 39 61 0 0.13098069
626 0 LA021389-0104 40 60 0 0.13098069
626 0 FT934-15391 41 59 0 0.13098069
626 0 LA021189-0141 42 58 0 0.13098069
626 0 FT944-810 43 57 0 0.13098069
626 0 FT941-12302 44 56 0 0.13098069
626 0 FT942-6325 45 55 0 0.13098069
626 0 FT941-6811 46 54 0 0.13098069
626 0 FT933-14462 47 53 0 0.13098069
626 0 FT943-10968 48 52 0 0.13098069
626 0 FT941-12752 49 51 0 0.13098069
626 0 FT941-8659 50 50 0 0.13098069
626 0 FT944-8713 51 49 0 0.13098069
626 0 FR940603-1-00172 52 48 0 0.13098069
626 0 FT932-4688 53 47 0 0.13098069
626 0 FT931-678 54 46 0 0.13098069
626 0 FT933-2220 55 45 0 0.13098069
626 0 FR941107-0-00038 56 44 0 0.13098069
626 0 FT931-10481 57 43 0 0.13098069
626 0 FT933-10629 58 42 0 0.13098069
626 0 FT933-15785 59 41 0 0.13098069
626 0 FT932-10037 60 40 0 0.13098069
626 0 FT933-9957 61 39 0 0.13098069
626 0 FT944-12761 62 38 0 0.13098069
626 0 FT942-16737 63 37 0 0.13098069
626 0 FT944-10243 64 36 0 0.13098069
626 0 LA100990-0115 65 35 0 0.13098069
626 0 FT934-12323 66 34 0 0.13098069
626 0 FT943-13545 67 33 0 0.13098069
626 0 FR940208-2-00169 68 32 0 0.13098069
626 0 FR940603-1-00100 69 31 0 0.13098069
626 0 FT942-16978 70 30 0 0.13098069
626 0 FT942-8417 71 29 0 0.13098069
626 0 FT944-14728 72 28 0 0.13098069
626 0 FT924-3173 73 27 0 0.13098069
626 0 FT934-1113 74 26 0 0.13098069
626 0 FT933-8225 75 25 0 0.13098069
626 0 FT944-16181 76 24 0 0.13098069
626 0 FT934-3874 77 23 0 0.13098069
626 0 FT931-5507 78 22 0 0.13098069
626 0 FT941-16473 79 21 0 0.13098069
626 0 FT943-15559 80 20 0 0.13098069
626 0 FR940223-2-00173 81 19 0 0.13098069
626 0 FT932-996 82 18 0 0.13098069
626 0 FT942-14728 83 17 0 0.13098069
626 0 FT933-6660 84 16 0 0.13098069
626 0 FT933-8995 85 15 0 0.13098069
626 0 FT934-15166 86 14 0 0.13098069
626 0 FT943-8219 87 13 0 0.13098069
626 0 FR940208-2-00168 88 12 0 0.13098069
626 0 FT932-14410 89 11 0 0.13098069
626 0 FT924-4707 90 10 0 0.13098069
626 0 FT933-10186 91 9 0 0.13098069
626 0 FT933-16631 92 8 0 0.13098069
626 0 FT931-11754 93 7 0 0.13098069
626 0 FT941-16276 94 6 0 0.13098069
626 0 FT931-14354 95 5 0 0.13098069
626 0 FT934-6047 96 4 0 0.13098069
626 0 FT932-11916 97 3 0 0.13098069
626 0 FT934-14886 98 2 0 0.13098069
626 0 FR940223-2-00174 99 1 0 0.13098069
634 0 LA093090-0239 0 100 0 0.34286907
634 0 LA093090-0240 1 99 0 0.34286907
634 0 LA092990-0164 2 98 0 0.34286907
634 0 LA110490-0226 3 97 0 0.34286907
634 0 LA061589-0195 4 96 0 0.34286907
634 0 FR940926-0-00024 5 95 0 0.34286907
634 0 FR940804-0-00034 6 94 0 0.34286907
634 0 LA050789-0194 7 93 0 0.34286907
634 0 LA081990-0222 8 92 0 0.34286907
634 0 LA081990-0221 9 91 0 0.34286907
634 0 FR940318-0-00207 10 90 0 0.34286907
634 0 FT911-1686 11 89 0 0.34286907
634 0 LA082390-0172 12 88 0 0.34286907
634 0 LA081990-0220 13 87 0 0.34286907
634 0 LA063089-0133 14 86 0 0.34286907
634 0 FR941110-1-00116 15 85 0 0.34286907
634 0 LA062289-0203 16 84 0 0.34286907
634 0 LA021290-0068 17 83 0 0.34286907
634 0 FR941110-1-00117 18 82 0 0.34286907
634 0 FR941202-0-00169 19 81 0 0.34286907
634 0 FR940617-0-00202 20 80 0 0.34286907
634 0 FR940513-0-00088 21 79 0 0.34286907
634 0 FR940711-1-00060 22 78 0 0.34286907
634 0 FR940811-0-00053 23 77 0 0.34286907
634 0 FR940204-0-00052 24 76 0 0.34286907
634 0 FR940516-2-00003 25 75 0 0.34286907
634 0 FR940720-0-00085 26 74 0 0.34286907
634 0 LA090390-0091 27 73 0 0.34286907
634 0 LA083090-0269 28 72 0 0.34286907
634 0 FR940114-2-00097 29 71 0 0.34286907
634 0 FR941019-0-00052 30 70 0 0.34286907
634 0 FR940216-0-00186 31 69 0 0.34286907
634 0 LA012590-0182 32 68 0 0.34286907
634 0 FR941213-2-00064 33 67 0 0.34286907
634 0 FR941110-0-00295 34 66 0 0.34286907
634 0 LA120290-0186 35 65 0 0.34286907
634 0 FR940412-2-00110 36 64 0 0.34286907
634 0 FR940429-2-00045 37 63 0 0.34286907
634 0 FR941202-0-00170 38 62 0 0.34286907
634 0 FR940406-2-00062 39 61 0 0.34286907
634 0 LA071689-0214 40 60 0 0.34286907
634 0 FR940617-2-00028 41 59 0 0.34286907
634 0 FR940526-2-00005 42 58 0 0.34286907
634 0 FR940111-0-00069 43 57 0 0.34286907
634 0 LA050990-0151 44 56 0 0.34286907
634 0 FR940930-0-00042 45 55 0 0.34286907
634 0 FR940630-2-00032 46 54 0 0.34286907
634 0 FR940216-0-00191 47 53 0 0.34286907
634 0 FR940922-2-00115 48 52 0 0.34286907
634 0 FR940317-2-00049 49 51 0 0.34286907
634 0 LA041489-0083 50 50 0 0.34286907
634 0 FR941110-1-00118 51 49 0 0.34286907
634 0 FR940524-2-00102 52 48 0 0.34286907
634 0 FR940325-2-00115 53 47 0 0.34286907
634 0 FR941005-0-00014 54 46 0 0.34286907
634 0 FR940429-2-00046 55 45 0 0.34286907
634 0 FR940223-2-00173 56 44 0 0.34286907
634 0 FR940930-0-00040 57 43 0 0.34286907
634 0 FR940325-2-00112 58 42 0 0.34286907
634 0 LA011189-0110 59 41 0 0.34286907
634 0 FR941110-1-00123 60 40 0 0.34286907
634 0 FR940128-2-00021 61 39 0 0.34286907
634 0 FR940429-2-00044 62 38 0 0.34286907
634 0 FR940630-2-00031 63 37 0 0.34286907
634 0 FR940725-0-00004 64 36 0 0.34286907
634 0 FR941202-0-00172 65 35 0 0.34286907
634 0 FR941107-2-00046 66 34 0 0.34286907
634 0 FR940425-1-00006 67 33 0 0.34286907
634 0 FR940418-2-00079 68 32 0 0.34286907
634 0 FR940722-2-00054 69 31 0 0.34286907
634 0 FR940913-0-00011 70 30 0 0.34286907
634 0 FR940203-2-00059 71 29 0 0.34286907
634 0 FR940603-1-00200 72 28 0 0.34286907
634 0 FR940504-2-00033 73 27 0 0.34286907
634 0 FR940524-2-00104 74 26 0 0.34286907
634 0 FR941019-1-00035 75 25 0 0.34286907
634 0 FR940325-2-00113 76 24 0 0.34286907
634 0 FR940504-2-00050 77 23 0 0.34286907
634 0 FR941213-2-00066 78 22 0 0.34286907
634 0 FR940630-2-00150 79 21 0 0.34286907
634 0 FR940208-2-00126 80 20 0 0.34286907
634 0 FR940523-0-00041 81 19 0 0.34286907
634 0 FR940603-1-00114 82 18 0 0.34286907
634 0 FR940114-2-00113 83 17 0 0.34286907
634 0 FR940602-2-00038 84 16 0 0.34286907
634 0 FR940603-1-00061 85 15 0 0.34286907
634 0 FR940930-2-00140 86 14 0 0.34286907
634 0 FR940725-0-00005 87 13 0 0.34286907
634 0 FR940725-0-00006 88 12 0 0.34286907
634 0 FR940527-2-00053 89 11 0 0.34286907
634 0 FR941110-2-00045 90 10 0 0.34286907
634 0 FR940617-0-00196 91 9 0 0.34286907
634 0 FR940922-2-00114 92 8 0 0.34286907
634 0 FR940516-2-00004 93 7 0 0.34286907
634 0 FR940516-2-00005 94 6 0 0.34286907
634 0 FR940620-2-00082 95 5 0 0.34286907
634 0 FR940223-2-00174 96 4 0 0.34286907
634 0 FR940906-2-00007 97 3 0 0.34286907
634 0 FR941122-2-00080 98 2 0 0.34286907
634 0 FR940128-2-00137 99 1 0 0.34286907
637 0 LA092189-0166 0 100 0 0.008889925
637 0 FT923-10650 1 99 0 0.008889925
641 0 FT934-15243 0 100 0 0.1332522
641 0 LA092190-0174 1 99 0 0.1332522
641 0 FT933-7162 2 98 0 0.1332522
641 0 LA021390-0034 3 97 0 0.1332522
641 0 FT933-5942 4 96 0 0.1332522
641 0 LA061389-0107 5 95 0 0.1332522
641 0 LA041989-0012 6 94 0 0.1332522
641 0 FT924-4950 7 93 0 0.1332522
641 0 LA080189-0027 8 92 0 0.1332522
641 0 LA051589-0060 9 91 0 0.1332522
641 0 FT942-3715 10 90 0 0.1332522
641 0 LA012590-0174 11 89 0 0.1332522
641 0 FT943-2585 12 88 0 0.1332522
641 0 LA040689-0056 13 87 0 0.1332522
641 0 LA043089-0197 14 86 0 0.1332522
641 0 LA081789-0019 15 85 0 0.1332522
641 0 LA071289-0001 16 84 0 0.1332522
641 0 LA061489-0006 17 83 0 0.1332522
641 0 LA061389-0048 18 82 0 0.1332522
641 0 LA103189-0011 19 81 0 0.1332522
641 0 LA071589-0075 20 80 0 0.1332522
641 0 LA120989-0014 21 79 0 0.1332522
641 0 LA072089-0006 22 78 0 0.1332522
641 0 LA071789-0040 23 77 0 0.1332522
641 0 LA062189-0089 24 76 0 0.1332522
641 0 LA102090-0055 25 75 0 0.1332522
641 0 LA051189-0058 26 74 0 0.1332522
641 0 LA070690-0040 27 73 0 0.1332522
641 0 FT923-13703 28 72 0 0.1332522
641 0 LA021490-0153 29 71 0 0.1332522
641 0 LA082989-0062 30 70 0 0.1332522
641 0 LA072189-0038 31 69 0 0.1332522
641 0 LA040489-0126 32 68 0 0.1332522
641 0 LA051090-0067 33 67 0 0.1332522
641 0 LA050489-0117 34 66 0 0.1332522
641 0 LA091189-0064 35 65 0 0.1332522
641 0 LA060189-0093 36 64 0 0.1332522
641 0 FT911-2963 37 63 0 0.1332522
641 0 LA072689-0057 38 62 0 0.1332522
641 0 LA062389-0042 39 61 0 0.1332522
641 0 LA072490-0119 40 60 0 0.1332522
641 0 LA052189-0110 41 59 0 0.1332522
641 0 LA080289-0082 42 58 0 0.1332522
641 0 LA092489-0114 43 57 0 0.1332522
641 0 LA091290-0152 44 56 0 0.1332522
641 0 LA071389-0001 45 55 0 0.1332522
641 0 FT911-1460 46 54 0 0.1332522
641 0 LA072489-0102 47 53 0 0.1332522
641 0 LA040289-0083 48 52 0 0.1332522
641 0 LA072589-0007 49 51 0 0.1332522
641 0 LA032789-0096 50 50 0 0.1332522
641 0 LA071889-0013 51 49 0 0.1332522
641 0 FT942-3755 52 48 0 0.1332522
641 0 LA020390-0023 53 47 0 0.1332522
641 0 FT942-2455 54 46 0 0.1332522
641 0 LA013090-0036 55 45 0 0.1332522
641 0 LA071789-0001 56 44 0 0.1332522
641 0 FT911-3140 57 43 0 0.1332522
641 0 LA040489-0014 58 42 0 0.1332522
641 0 LA031790-0089 59 41 0 0.1332522
641 0 LA052289-0006 60 40 0 0.1332522
641 0 FR940617-2-00004 61 39 0 0.1332522
641 0 LA072190-0078 62 38 0 0.1332522
641 0 LA042689-0018 63 37 0 0.1332522
641 0 LA061890-0014 64 36 0 0.1332522
641 0 LA102489-0036 65 35 0 0.1332522
641 0 LA032390-0053 66 34 0 0.1332522
641 0 FT943-9042 67 33 0 0.1332522
641 0 LA032589-0044 68 32 0 0.1332522
641 0 LA041290-0156 69 31 0 0.1332522
641 0 FT942-1580 70 30 0 0.1332522
641 0 LA071689-0078 71 29 0 0.1332522
641 0 LA120789-0022 72 28 0 0.1332522
641 0 LA052089-0053 73 27 0 0.1332522
641 0 FT943-2811 74 26 0 0.1332522
641 0 LA072689-0005 75 25 0 0.1332522
641 0 LA091390-0085 76 24 0 0.1332522
641 0 LA112489-0060 77 23 0 0.1332522
641 0 LA031890-0181 78 22 0 0.1332522
641 0 LA071489-0033 79 21 0 0.1332522
641 0 FR941110-2-00005 80 20 0 0.1332522
641 0 LA040789-0051 81 19 0 0.1332522
641 0 LA051889-0152 82 18 0 0.1332522
641 0 LA021390-0074 83 17 0 0.1332522
641 0 FR940114-2-00006 84 16 0 0.1332522
641 0 FT931-16590 85 15 0 0.1332522
641 0 LA051290-0093 86 14 0 0.1332522
641 0 LA071889-0012 87 13 0 0.1332522
641 0 LA041790-0083 88 12 0 0.1332522
641 0 LA090889-0052 89 11 0 0.1332522
641 0 LA041089-0101 90 10 0 0.1332522
641 0 LA052189-0111 91 9 0 0.1332522
641 0 LA050689-0073 92 8 0 0.1332522
641 0 LA040789-0050 93 7 0 0.1332522
641 0 FR941206-2-00079 94 6 0 0.1332522
641 0 LA072489-0054 95 5 0 0.1332522
641 0 LA060189-0012 96 4 0 0.1332522
641 0 LA050389-0138 97 3 0 0.1332522
641 0 FT931-10841 98 2 0 0.1332522
641 0 FT931-11247 99 1 0 0.1332522
642 0 LA122589-0083 0 100 0 0.100178674
642 0 LA110489-0168 1 99 0 0.100178674
642 0 LA050190-0199 2 98 0 0.100178674
642 0 LA102489-0120 3 97 0 0.100178674
642 0 FBIS4-36796 4 96 0 0.100178674
642 0 LA053190-0204 5 95 0 0.100178674
642 0 LA020290-0191 6 94 0 0.100178674
642 0 LA072189-0106 7 93 0 0.100178674
642 0 LA031690-0184 8 92 0 0.100178674
642 0 FT942-4561 9 91 0 0.100178674
642 0 LA030990-0123 10 90 0 0.100178674
642 0 LA072490-0119 11 89 0 0.100178674
642 0 LA021490-0102 12 88 0 0.100178674
642 0 FT911-2429 13 87 0 0.100178674
642 0 LA122789-0011 14 86 0 0.100178674
642 0 FT922-6666 15 85 0 0.100178674
642 0 FT922-6618 16 84 0 0.100178674
642 0 FT911-539 17 83 0 0.100178674
642 0 LA060889-0209 18 82 0 0.100178674
642 0 FT911-5138 19 81 0 0.100178674
642 0 LA092889-0226 20 80 0 0.100178674
642 0 LA090289-0078 21 79 0 0.100178674
642 0 LA062489-0043 22 78 0 0.100178674
642 0 LA121689-0103 23 77 0 0.100178674
642 0 LA061589-0050 24 76 0 0.100178674
642 0 FT911-1514 25 75 0 0.100178674
642 0 FBIS4-25255 26 74 0 0.100178674
642 0 LA032690-0121 27 73 0 0.100178674
642 0 LA032889-0043 28 72 0 0.100178674
642 0 LA012290-0111 29 71 0 0.100178674
642 0 LA022689-0044 30 70 0 0.100178674
642 0 FT941-9666 31 69 0 0.100178674
642 0 FBIS3-57854 32 68 0 0.100178674
642 0 LA101589-0186 33 67 0 0.100178674
642 0 LA121289-0143 34 66 0 0.100178674
642 0 LA031990-0043 35 65 0 0.100178674
642 0 LA020690-0034 36 64 0 0.100178674
642 0 LA011089-0028 37 63 0 0.100178674
642 0 LA011690-0054 38 62 0 0.100178674
642 0 LA111189-0121 39 61 0 0.100178674
642 0 FT911-1172 40 60 0 0.100178674
642 0 FR940610-0-00049 41 59 0 0.100178674
642 0 LA040490-0085 42 58 0 0.100178674
642 0 FT921-13050 43 57 0 0.100178674
642 0 LA072389-0136 44 56 0 0.100178674
642 0 LA040589-0134 45 55 0 0.100178674
642 0 LA042789-0007 46 54 0 0.100178674
642 0 FT923-9036 47 53 0 0.100178674
642 0 FT923-10465 48 52 0 0.100178674
642 0 FR941005-2-00013 49 51 0 0.100178674
642 0 FR940304-0-00046 50 50 0 0.100178674
642 0 LA052889-0188 51 49 0 0.100178674
642 0 LA082089-0204 52 48 0 0.100178674
642 0 LA101989-0202 53 47 0 0.100178674
642 0 LA052589-0105 54 46 0 0.100178674
642 0 FT911-3321 55 45 0 0.100178674
642 0 FT922-13946 56 44 0 0.100178674
642 0 LA051290-0124 57 43 0 0.100178674
642 0 FT911-5064 58 42 0 0.100178674
642 0 LA070789-0095 59 41 0 0.100178674
642 0 LA092189-0180 60 40 0 0.100178674
642 0 FT934-12860 61 39 0 0.100178674
642 0 FT921-7888 62 38 0 0.100178674
642 0 FBIS3-26204 63 37 0 0.100178674
642 0 LA061490-0105 64 36 0 0.100178674
642 0 LA050989-0018 65 35 0 0.100178674
642 0 LA012590-0240 66 34 0 0.100178674
642 0 LA022890-0129 67 33 0 0.100178674
642 0 LA012889-0112 68 32 0 0.100178674
642 0 LA030689-0108 69 31 0 0.100178674
642 0 LA080990-0047 70 30 0 0.100178674
642 0 LA020990-0056 71 29 0 0.100178674
642 0 LA102690-0135 72 28 0 0.100178674
642 0 FT932-9612 73 27 0 0.100178674
642 0 FBIS4-56396 74 26 0 0.100178674
642 0 LA011989-0117 75 25 0 0.100178674
642 0 LA041790-0129 76 24 0 0.100178674
642 0 LA010289-0068 77 23 0 0.100178674
642 0 FR941005-2-00011 78 22 0 0.100178674
642 0 FR940524-2-00084 79 21 0 0.100178674
642 0 FT942-3653 80 20 0 0.100178674
642 0 LA033090-0167 81 19 0 0.100178674
642 0 FT932-17325 82 18 0 0.100178674
642 0 LA062289-0097 83 17 0 0.100178674
642 0 LA071789-0087 84 16 0 0.100178674
642 0 LA070290-0108 85 15 0 0.100178674
642 0 LA030289-0082 86 14 0 0.100178674
642 0 LA021189-0020 87 13 0 0.100178674
642 0 LA020590-0097 88 12 0 0.100178674
642 0 LA062589-0019 89 11 0 0.100178674
642 0 LA100489-0155 90 10 0 0.100178674
642 0 LA103189-0072 91 9 0 0.100178674
642 0 FT933-13367 92 8 0 0.100178674
642 0 LA062589-0191 93 7 0 0.100178674
642 0 LA112990-0078 94 6 0 0.100178674
642 0 LA051790-0047 95 5 0 0.100178674
642 0 LA050289-0153 96 4 0 0.100178674
642 0 LA041990-0238 97 3 0 0.100178674
642 0 LA092490-0121 98 2 0 0.100178674
642 0 LA101389-0161 99 1 0 0.100178674
652 0 FBIS4-44913 0 100 0 0.21766211
652 0 FT944-2592 1 99 0 0.21766211
652 0 FT944-2489 2 98 0 0.21766211
652 0 FBIS4-36205 3 97 0 0.21766211
652 0 FT941-2031 4 96 0 0.21766211
652 0 FT941-13118 5 95 0 0.21766211
652 0 FR940711-2-00020 6 94 0 0.21766211
652 0 FT942-16822 7 93 0 0.21766211
652 0 FT944-7033 8 92 0 0.21766211
652 0 FR940414-2-00063 9 91 0 0.21766211
652 0 FR940822-2-00073 10 90 0 0.21766211
652 0 FT942-8924 11 89 0 0.21766211
652 0 FT944-6207 12 88 0 0.21766211
652 0 FT942-15684 13 87 0 0.21766211
652 0 LA110290-0069 14 86 0 0.21766211
652 0 FT941-16534 15 85 0 0.21766211
652 0 FT942-13293 16 84 0 0.21766211
652 0 FT944-9300 17 83 0 0.21766211
652 0 FR940222-2-00048 18 82 0 0.21766211
652 0 FT931-3525 19 81 0 0.21766211
652 0 LA120590-0069 20 80 0 0.21766211
652 0 FT943-3217 21 79 0 0.21766211
652 0 FT944-13068 22 78 0 0.21766211
652 0 FT942-16797 23 77 0 0.21766211
652 0 FT942-4406 24 76 0 0.21766211
652 0 FT941-16542 25 75 0 0.21766211
652 0 FT942-554 26 74 0 0.21766211
652 0 FBIS3-32242 27 73 0 0.21766211
652 0 FT943-10675 28 72 0 0.21766211
652 0 FBIS3-32218 29 71 0 0.21766211
652 0 FT944-8794 30 70 0 0.21766211
652 0 FT942-713 31 69 0 0.21766211
652 0 FT942-9684 32 68 0 0.21766211
652 0 FT941-6112 33 67 0 0.21766211
652 0 FT943-16985 34 66 0 0.21766211
652 0 FT932-2735 35 65 0 0.21766211
652 0 FT943-15075 36 64 0 0.21766211
652 0 FT942-3869 37 63 0 0.21766211
652 0 FR940324-0-00053 38 62 0 0.21766211
652 0 FT944-9509 39 61 0 0.21766211
652 0 FT942-10834 40 60 0 0.21766211
652 0 FT944-16157 41 59 0 0.21766211
652 0 FBIS4-56955 42 58 0 0.21766211
652 0 FBIS4-20500 43 57 0 0.21766211
652 0 FT944-13568 44 56 0 0.21766211
652 0 FT944-8352 45 55 0 0.21766211
652 0 FT943-10862 46 54 0 0.21766211
652 0 FT941-12836 47 53 0 0.21766211
652 0 FBIS3-10710 48 52 0 0.21766211
652 0 FT941-7929 49 51 0 0.21766211
652 0 FT921-4001 50 50 0 0.21766211
652 0 FT944-897 51 49 0 0.21766211
652 0 FT943-8893 52 48 0 0.21766211
652 0 FT942-17245 53 47 0 0.21766211
652 0 FT941-1695 54 46 0 0.21766211
652 0 FT943-8652 55 45 0 0.21766211
652 0 FT923-14368 56 44 0 0.21766211
652 0 FT931-16012 57 43 0 0.21766211
652 0 FT942-10416 58 42 0 0.21766211
652 0 FT943-1787 59 41 0 0.21766211
652 0 FT944-13881 60 40 0 0.21766211
652 0 LA012590-0200 61 39 0 0.21766211
652 0 FT933-14727 62 38 0 0.21766211
652 0 FT942-93 63 37 0 0.21766211
652 0 FT941-16543 64 36 0 0.21766211
652 0 FT941-17249 65 35 0 0.21766211
652 0 FT942-5334 66 34 0 0.21766211
652 0 FT943-10502 67 33 0 0.21766211
652 0 FT941-492 68 32 0 0.21766211
652 0 FT944-14400 69 31 0 0.21766211
652 0 FT943-15247 70 30 0 0.21766211
652 0 FT944-6268 71 29 0 0.21766211
652 0 FT944-851 72 28 0 0.21766211
652 0 FT941-6439 73 27 0 0.21766211
652 0 FT942-1440 74 26 0 0.21766211
652 0 FT944-3845 75 25 0 0.21766211
652 0 LA083190-0128 76 24 0 0.21766211
652 0 FBIS4-20402 77 23 0 0.21766211
652 0 FT943-14551 78 22 0 0.21766211
652 0 FT941-12134 79 21 0 0.21766211
652 0 FT943-15145 80 20 0 0.21766211
652 0 FT943-163 81 19 0 0.21766211
652 0 FT944-17183 82 18 0 0.21766211
652 0 FT944-1536 83 17 0 0.21766211
652 0 FR940429-2-00106 84 16 0 0.21766211
652 0 FBIS3-50988 85 15 0 0.21766211
652 0 FBIS4-21702 86 14 0 0.21766211
652 0 FBIS3-12077 87 13 0 0.21766211
652 0 FT942-1406 88 12 0 0.21766211
652 0 FT943-11424 89 11 0 0.21766211
652 0 FT944-13849 90 10 0 0.21766211
652 0 FT942-5689 91 9 0 0.21766211
652 0 FT942-9014 92 8 0 0.21766211
652 0 FT941-9260 93 7 0 0.21766211
652 0 FT943-2659 94 6 0 0.21766211
652 0 FBIS3-51250 95 5 0 0.21766211
652 0 FT942-197 96 4 0 0.21766211
652 0 FT941-14007 97 3 0 0.21766211
652 0 FT943-8588 98 2 0 0.21766211
652 0 FBIS4-33936 99 1 0 0.21766211
653 0 LA071189-0030 0 100 0 0.14045255
653 0 FT943-5818 1 99 0 0.14045255
653 0 FT944-8156 2 98 0 0.14045255
653 0 FBIS4-22127 3 97 0 0.14045255
653 0 FT921-10297 4 96 0 0.14045255
653 0 FT921-11835 5 95 0 0.14045255
653 0 FT921-11859 6 94 0 0.14045255
653 0 FT921-11849 7 93 0 0.14045255
653 0 FBIS4-42783 8 92 0 0.14045255
653 0 FT921-216 9 91 0 0.14045255
653 0 FBIS4-46433 10 90 0 0.14045255
653 0 FBIS3-60887 11 89 0 0.14045255
653 0 FT933-782 12 88 0 0.14045255
653 0 FT943-11445 13 87 0 0.14045255
653 0 FR940106-0-00106 14 86 0 0.14045255
653 0 FBIS3-60757 15 85 0 0.14045255
653 0 FBIS4-43164 16 84 0 0.14045255
653 0 FBIS4-33724 17 83 0 0.14045255
653 0 FBIS4-46326 18 82 0 0.14045255
653 0 FBIS4-68074 19 81 0 0.14045255
653 0 FR941122-2-00088 20 80 0 0.14045255
653 0 FT934-6497 21 79 0 0.14045255
653 0 FR941025-2-00092 22 78 0 0.14045255
653 0 FR941220-0-00113 23 77 0 0.14045255
653 0 FT944-8350 24 76 0 0.14045255
653 0 FR941219-2-00105 25 75 0 0.14045255
653 0 FBIS4-64444 26 74 0 0.14045255
653 0 FR940106-0-00104 27 73 0 0.14045255
653 0 FT942-6007 28 72 0 0.14045255
653 0 FR940621-2-00072 29 71 0 0.14045255
653 0 FBIS4-21948 30 70 0 0.14045255
653 0 FT933-5523 31 69 0 0.14045255
653 0 FT944-14853 32 68 0 0.14045255
653 0 FR940106-0-00082 33 67 0 0.14045255
653 0 FR941220-0-00110 34 66 0 0.14045255
653 0 FBIS3-50698 35 65 0 0.14045255
653 0 FT933-5472 36 64 0 0.14045255
653 0 FT921-390 37 63 0 0.14045255
653 0 FT944-1368 38 62 0 0.14045255
653 0 FT922-5287 39 61 0 0.14045255
653 0 FBIS3-39604 40 60 0 0.14045255
653 0 FBIS4-9824 41 59 0 0.14045255
653 0 FBIS4-21950 42 58 0 0.14045255
653 0 FT944-1152 43 57 0 0.14045255
653 0 FBIS4-46434 44 56 0 0.14045255
653 0 FBIS4-20162 45 55 0 0.14045255
653 0 FBIS4-68014 46 54 0 0.14045255
653 0 LA041889-0051 47 53 0 0.14045255
653 0 FBIS3-18248 48 52 0 0.14045255
653 0 FR940106-0-00093 49 51 0 0.14045255
653 0 FBIS4-46325 50 50 0 0.14045255
653 0 FT931-9018 51 49 0 0.14045255
653 0 FT922-15201 52 48 0 0.14045255
653 0 FR941031-2-00096 53 47 0 0.14045255
653 0 FBIS3-23172 54 46 0 0.14045255
653 0 FR940106-0-00103 55 45 0 0.14045255
653 0 FR941220-0-00114 56 44 0 0.14045255
653 0 FT932-1942 57 43 0 0.14045255
653 0 FT941-10098 58 42 0 0.14045255
653 0 FR941220-0-00109 59 41 0 0.14045255
653 0 FBIS4-46307 60 40 0 0.14045255
653 0 FBIS4-42327 61 39 0 0.14045255
653 0 FBIS4-43170 62 38 0 0.14045255
653 0 FT921-5242 63 37 0 0.14045255
653 0 FBIS3-23178 64 36 0 0.14045255
653 0 LA011389-0033 65 35 0 0.14045255
653 0 FBIS4-47091 66 34 0 0.14045255
653 0 FBIS4-61127 67 33 0 0.14045255
653 0 FBIS3-60110 68 32 0 0.14045255
653 0 FT932-1701 69 31 0 0.14045255
653 0 FBIS4-34924 70 30 0 0.14045255
653 0 FR941220-0-00084 71 29 0 0.14045255
653 0 FBIS3-42316 72 28 0 0.14045255
653 0 LA092189-0147 73 27 0 0.14045255
653 0 FT923-4982 74 26 0 0.14045255
653 0 FT923-14773 75 25 0 0.14045255
653 0 FBIS4-46305 76 24 0 0.14045255
653 0 FBIS3-17999 77 23 0 0.14045255
653 0 FBIS3-17843 78 22 0 0.14045255
653 0 FBIS3-42325 79 21 0 0.14045255
653 0 FBIS4-15367 80 20 0 0.14045255
653 0 FR941220-0-00094 81 19 0 0.14045255
653 0 FR940106-0-00105 82 18 0 0.14045255
653 0 FR941220-0-00103 83 17 0 0.14045255
653 0 FR940106-0-00107 84 16 0 0.14045255
653 0 FBIS3-17166 85 15 0 0.14045255
653 0 FBIS4-46180 86 14 0 0.14045255
653 0 FBIS3-55449 87 13 0 0.14045255
653 0 FBIS4-11186 88 12 0 0.14045255
653 0 FBIS3-23474 89 11 0 0.14045255
653 0 FBIS3-58764 90 10 0 0.14045255
653 0 FBIS3-15946 91 9 0 0.14045255
653 0 FR940106-0-00096 92 8 0 0.14045255
653 0 FBIS4-46216 93 7 0 0.14045255
653 0 FT923-11583 94 6 0 0.14045255
653 0 FR941130-2-00081 95 5 0 0.14045255
653 0 FBIS4-68037 96 4 0 0.14045255
653 0 FBIS4-19560 97 3 0 0.14045255
653 0 FBIS3-23040 98 2 0 0.14045255
653 0 FBIS3-10842 99 1 0 0.14045255
663 0 LA050789-0012 0 100 0 0.09759123
663 0 LA101690-0131 1 99 0 0.09759123
663 0 LA011490-0155 2 98 0 0.09759123
663 0 FT931-11015 3 97 0 0.09759123
663 0 FR940104-0-00003 4 96 0 0.09759123
663 0 LA110389-0136 5 95 0 0.09759123
663 0 LA050789-0171 6 94 0 0.09759123
663 0 LA112190-0106 7 93 0 0.09759123
663 0 LA111389-0086 8 92 0 0.09759123
663 0 LA031489-0091 9 91 0 0.09759123
663 0 LA040590-0192 10 90 0 0.09759123
663 0 LA040489-0088 11 89 0 0.09759123
663 0 LA042190-0047 12 88 0 0.09759123
663 0 LA062189-0125 13 87 0 0.09759123
663 0 LA010190-0080 14 86 0 0.09759123
663 0 LA080690-0090 15 85 0 0.09759123
663 0 LA102889-0142 16 84 0 0.09759123
663 0 LA071790-0132 17 83 0 0.09759123
663 0 LA062990-0017 18 82 0 0.09759123
663 0 FT921-4736 19 81 0 0.09759123
663 0 LA091290-0123 20 80 0 0.09759123
663 0 LA112490-0055 21 79 0 0.09759123
663 0 LA112289-0130 22 78 0 0.09759123
663 0 LA011589-0160 23 77 0 0.09759123
663 0 LA080590-0227 24 76 0 0.09759123
663 0 LA013090-0137 25 75 0 0.09759123
663 0 FT931-6699 26 74 0 0.09759123
663 0 LA041890-0113 27 73 0 0.09759123
663 0 LA122289-0141 28 72 0 0.09759123
663 0 LA031989-0217 29 71 0 0.09759123
663 0 LA050789-0221 30 70 0 0.09759123
663 0 LA081290-0154 31 69 0 0.09759123
663 0 LA092790-0204 32 68 0 0.09759123
663 0 LA122690-0074 33 67 0 0.09759123
663 0 FT942-12752 34 66 0 0.09759123
663 0 LA100789-0081 35 65 0 0.09759123
663 0 LA121789-0121 36 64 0 0.09759123
663 0 LA101790-0140 37 63 0 0.09759123
663 0 LA042590-0086 38 62 0 0.09759123
663 0 LA062890-0194 39 61 0 0.09759123
663 0 LA022890-0122 40 60 0 0.09759123
663 0 LA111790-0082 41 59 0 0.09759123
663 0 LA031590-0173 42 58 0 0.09759123
663 0 FR940110-0-00011 43 57 0 0.09759123
663 0 LA051189-0037 44 56 0 0.09759123
663 0 LA112989-0154 45 55 0 0.09759123
663 0 LA070590-0156 46 54 0 0.09759123
663 0 LA123190-0099 47 53 0 0.09759123
663 0 LA092690-0118 48 52 0 0.09759123
663 0 LA111989-0110 49 51 0 0.09759123
663 0 LA080990-0177 50 50 0 0.09759123
663 0 LA090890-0139 51 49 0 0.09759123
663 0 LA122990-0057 52 48 0 0.09759123
663 0 LA090690-0181 53 47 0 0.09759123
663 0 LA110989-0144 54 46 0 0.09759123
663 0 LA101790-0123 55 45 0 0.09759123
663 0 LA010490-0188 56 44 0 0.09759123
663 0 LA052789-0109 57 43 0 0.09759123
663 0 LA041489-0154 58 42 0 0.09759123
663 0 LA050590-0156 59 41 0 0.09759123
663 0 LA012090-0138 60 40 0 0.09759123
663 0 LA020190-0194 61 39 0 0.09759123
663 0 FR940303-0-00005 62 38 0 0.09759123
663 0 LA042390-0056 63 37 0 0.09759123
663 0 FT941-4888 64 36 0 0.09759123
663 0 LA090190-0140 65 35 0 0.09759123
663 0 LA083190-0088 66 34 0 0.09759123
663 0 LA100790-0171 67 33 0 0.09759123
663 0 LA022390-0143 68 32 0 0.09759123
663 0 LA032290-0225 69 31 0 0.09759123
663 0 LA070289-0082 70 30 0 0.09759123
663 0 LA021589-0107 71 29 0 0.09759123
663 0 LA111990-0112 72 28 0 0.09759123
663 0 LA091089-0041 73 27 0 0.09759123
663 0 LA012590-0195 74 26 0 0.09759123
663 0 LA090389-0086 75 25 0 0.09759123
663 0 LA123090-0100 76 24 0 0.09759123
663 0 LA040489-0061 77 23 0 0.09759123
663 0 FT944-3712 78 22 0 0.09759123
663 0 LA111689-0090 79 21 0 0.09759123
663 0 LA020790-0119 80 20 0 0.09759123
663 0 LA102490-0163 81 19 0 0.09759123
663 0 LA020490-0223 82 18 0 0.09759123
663 0 LA122090-0217 83 17 0 0.09759123
663 0 LA061790-0179 84 16 0 0.09759123
663 0 LA101489-0157 85 15 0 0.09759123
663 0 LA033189-0145 86 14 0 0.09759123
663 0 LA092790-0191 87 13 0 0.09759123
663 0 LA072089-0177 88 12 0 0.09759123
663 0 LA022390-0149 89 11 0 0.09759123
663 0 LA121289-0119 90 10 0 0.09759123
663 0 LA031289-0225 91 9 0 0.09759123
663 0 LA120890-0139 92 8 0 0.09759123
663 0 LA042589-0138 93 7 0 0.09759123
663 0 LA010790-0078 94 6 0 0.09759123
663 0 LA111089-0175 95 5 0 0.09759123
663 0 LA100790-0202 96 4 0 0.09759123
663 0 LA051689-0148 97 3 0 0.09759123
663 0 LA072889-0135 98 2 0 0.09759123
663 0 LA030290-0164 99 1 0 0.09759123
672 0 LA061090-0218 0 100 0 0.09108298
672 0 LA060890-0134 1 99 0 0.09108298
672 0 FT922-6996 2 98 0 0.09108298
672 0 LA061290-0149 3 97 0 0.09108298
672 0 LA060790-0120 4 96 0 0.09108298
672 0 FT921-6721 5 95 0 0.09108298
672 0 LA073089-0118 6 94 0 0.09108298
672 0 FT922-6840 7 93 0 0.09108298
672 0 FBIS4-30249 8 92 0 0.09108298
672 0 FBIS4-23387 9 91 0 0.09108298
672 0 LA052590-0061 10 90 0 0.09108298
672 0 FT921-11660 11 89 0 0.09108298
672 0 FT944-10268 12 88 0 0.09108298
672 0 FT923-12850 13 87 0 0.09108298
672 0 FT921-16432 14 86 0 0.09108298
672 0 LA050389-0016 15 85 0 0.09108298
672 0 FT911-2338 16 84 0 0.09108298
672 0 LA022389-0210 17 83 0 0.09108298
672 0 FT921-4379 18 82 0 0.09108298
672 0 FT911-891 19 81 0 0.09108298
672 0 LA091089-0006 20 80 0 0.09108298
672 0 FT921-14778 21 79 0 0.09108298
672 0 FT921-12317 22 78 0 0.09108298
672 0 FT931-3133 23 77 0 0.09108298
672 0 FT922-8449 24 76 0 0.09108298
672 0 FR940628-2-00063 25 75 0 0.09108298
672 0 LA100789-0005 26 74 0 0.09108298
672 0 FBIS3-895 27 73 0 0.09108298
672 0 LA062689-0030 28 72 0 0.09108298
672 0 FBIS3-44160 29 71 0 0.09108298
672 0 LA030289-0042 30 70 0 0.09108298
672 0 FT944-8557 31 69 0 0.09108298
672 0 FBIS4-21515 32 68 0 0.09108298
672 0 LA061890-0134 33 67 0 0.09108298
672 0 FT921-5493 34 66 0 0.09108298
672 0 FT911-772 35 65 0 0.09108298
672 0 FT934-9852 36 64 0 0.09108298
672 0 FT921-3929 37 63 0 0.09108298
672 0 FT923-8465 38 62 0 0.09108298
672 0 FBIS3-686 39 61 0 0.09108298
672 0 LA092189-0089 40 60 0 0.09108298
672 0 LA032089-0097 41 59 0 0.09108298
672 0 LA021889-0052 42 58 0 0.09108298
672 0 LA092989-0047 43 57 0 0.09108298
672 0 FT921-11022 44 56 0 0.09108298
672 0 FT923-694 45 55 0 0.09108298
672 0 FT923-6150 46 54 0 0.09108298
672 0 LA060990-0124 47 53 0 0.09108298
672 0 FT942-10340 48 52 0 0.09108298
672 0 FT942-4554 49 51 0 0.09108298
672 0 LA020989-0072 50 50 0 0.09108298
672 0 LA021889-0055 51 49 0 0.09108298
672 0 LA012989-0060 52 48 0 0.09108298
672 0 FT941-15002 53 47 0 0.09108298
672 0 LA112890-0034 54 46 0 0.09108298
672 0 LA030490-0199 55 45 0 0.09108298
672 0 FT921-13201 56 44 0 0.09108298
672 0 FBIS3-24707 57 43 0 0.09108298
672 0 FT934-5781 58 42 0 0.09108298
672 0 FT942-15019 59 41 0 0.09108298
672 0 FT921-12763 60 40 0 0.09108298
672 0 FT944-8559 61 39 0 0.09108298
672 0 LA091589-0039 62 38 0 0.09108298
672 0 FT934-970 63 37 0 0.09108298
672 0 LA022689-0146 64 36 0 0.09108298
672 0 LA012989-0057 65 35 0 0.09108298
672 0 LA012989-0062 66 34 0 0.09108298
672 0 LA021889-0006 67 33 0 0.09108298
672 0 FBIS4-23519 68 32 0 0.09108298
672 0 FT942-11332 69 31 0 0.09108298
672 0 FT934-102 70 30 0 0.09108298
672 0 LA011389-0019 71 29 0 0.09108298
672 0 LA080689-0087 72 28 0 0.09108298
672 0 LA062090-0007 73 27 0 0.09108298
672 0 LA040789-0164 74 26 0 0.09108298
672 0 FT934-9850 75 25 0 0.09108298
672 0 FT911-1010 76 24 0 0.09108298
672 0 FT923-14537 77 23 0 0.09108298
672 0 FT922-2578 78 22 0 0.09108298
672 0 LA052189-0029 79 21 0 0.09108298
672 0 LA052390-0070 80 20 0 0.09108298
672 0 FR940303-2-00112 81 19 0 0.09108298
672 0 LA011490-0077 82 18 0 0.09108298
672 0 LA071490-0009 83 17 0 0.09108298
672 0 LA031789-0001 84 16 0 0.09108298
672 0 FT934-10494 85 15 0 0.09108298
672 0 FT924-3793 86 14 0 0.09108298
672 0 FBIS4-21514 87 13 0 0.09108298
672 0 FBIS3-506 88 12 0 0.09108298
672 0 LA050590-0010 89 11 0 0.09108298
672 0 FT944-404 90 10 0 0.09108298
672 0 FT941-6401 91 9 0 0.09108298
672 0 LA052590-0030 92 8 0 0.09108298
672 0 LA052489-0009 93 7 0 0.09108298
672 0 LA011890-0137 94 6 0 0.09108298
672 0 LA052489-0142 95 5 0 0.09108298
672 0 LA051989-0003 96 4 0 0.09108298
672 0 LA092389-0014 97 3 0 0.09108298
672 0 FT924-6508 98 2 0 0.09108298
672 0 LA022089-0044 99 1 0 0.09108298
