# Elapsed time   CPU (%)     Real (MB)   Virtual (MB)
       0.000        0.000        6.180      872.957
       0.205       24.400      108.516     2416.145
       0.409       53.700      249.297     7200.996
       0.614       29.300      350.316     7347.379
       0.819      307.300      504.574     8286.730
       1.024       58.600      702.332     8480.402
       1.229       68.300      782.059     8596.254
       1.433       53.700      920.453     8784.406
       1.638       53.800     1093.395     9015.410
       1.843       53.600     1275.062     9286.703
       2.048       68.400     1478.746     9697.059
       2.257       81.400     1263.535    10018.750
       2.462      268.500     1447.301    10994.793
       2.666       68.300     1661.637    11241.500
       2.872       73.200     1778.684    11381.602
       3.077      272.800     1814.910    12907.113
       3.281      244.400     1997.793    13889.906
       3.490       52.700     2155.293    14080.656
       3.701       71.200     2197.172    14540.102
       3.907       92.300     1862.016    14206.895
       4.112       97.600     1969.461    14318.789
       4.317       29.300     1969.430    14315.047
       4.527        0.000     1969.430    14315.047
       4.733        0.000     1969.430    14315.047
       4.939        0.000     1969.430    14315.047
       5.145        0.000     1969.430    14315.047
       5.351        0.000     1969.430    14315.047
       5.563        0.000     1969.430    14315.047
       5.774        0.000     1969.430    14315.047
       5.985        0.000     1969.430    14315.047
       6.196        0.000     1969.430    14315.047
       6.407        0.000     1969.430    14315.047
       6.619        0.000     1969.430    14315.047
       6.833        0.000     1969.430    14315.047
       7.044        0.000     1969.430    14315.047
       7.249        0.000     1969.430    14315.047
       7.460        0.000     1969.430    14315.047
       7.666        0.000     1969.430    14315.047
       7.877        0.000     1969.430    14315.047
       8.088        0.000     1969.430    14315.047
       8.293        0.000     1969.430    14315.047
       8.499      121.400     2006.906    15565.312
       8.704       58.600     2093.617    16194.086
       8.915       52.300     2239.977    16376.574
       9.123       52.800     2406.906    16536.574
       9.332       71.800     2644.059    16877.137
       9.541      105.300     2710.406    17149.219
       9.746      136.400     2723.266    17149.219
       9.954      163.300     2746.738    17149.219
      10.159      151.400     2758.809    17149.219
      10.364      121.900     2759.066    17149.219
      10.574      142.700     2759.578    17149.219
      10.779      136.400     2759.836    17149.219
      10.988      182.300     2760.352    17149.219
      11.193      126.800     2760.352    17149.219
      11.401      148.900     2768.859    17149.219
      11.606      131.500     2769.605    17149.219
      11.813      130.400     2770.379    17149.219
      12.020      164.400     2770.637    17149.219
      12.228      139.700     2771.664    17149.219
      12.436      144.100     2772.434    17149.219
      12.653      161.500     2773.973    17149.219
      12.867      121.300     2774.488    17149.219
      13.072      161.000     2775.516    17149.219
      13.277      122.200     2776.031    17149.219
      13.485      158.500     2776.289    17149.219
      13.691      145.700     2776.547    17149.219
      13.895      161.300     2777.578    17149.219
      14.108      141.100     2778.094    17149.219
      14.318      157.000     2778.352    17149.219
      14.528      133.100     2778.867    17149.219
      14.739      128.100     2778.867    17149.219
      14.945      155.700     2779.125    17149.219
      15.151      150.200     2779.641    17149.219
      15.366      148.600     2779.641    17149.219
      15.578      123.200     2779.641    17149.219
      15.788      137.800     2779.898    17149.219
      16.000      150.900     2779.898    17149.219
      16.212      122.900     2780.156    17149.219
      16.420      167.800     2780.414    17149.219
      16.632      122.600     2780.414    17149.219
      16.838      160.900     2780.672    17149.219
      17.047      128.800     2780.672    17149.219
      17.255      153.800     2780.930    17149.219
      17.461      175.300     2781.445    17149.219
      17.666      126.400     2781.445    17149.219
      17.873      174.300     2781.445    17149.219
      18.084      142.000     2781.445    17149.219
      18.291      135.500     2781.445    17149.219
      18.504      112.200     2781.445    17149.219
      18.710      141.000     2781.445    17149.219
      18.920      138.000     2781.445    17149.219
      19.142      167.000     2781.703    17149.219
      19.348      145.400     2781.703    17149.219
      19.554      155.400     2781.703    17149.219
      19.759      136.600     2781.961    17149.219
      19.964      131.100     2781.961    17149.219
      20.172      159.300     2781.961    17149.219
      20.383      108.900     2781.961    17149.219
      20.600      152.000     2782.219    17149.219
      20.810      133.600     2782.219    17149.219
      21.020      152.200     2782.473    17149.219
      21.231      142.600     2782.730    17149.219
      21.440      133.400     2782.730    17149.219
      21.651      133.000     2782.730    17149.219
      21.860      148.500     2782.988    17149.219
      22.065      122.000     2782.988    17149.219
      22.275      218.600     2789.895    17281.250
      22.480      160.900     2790.668    17281.250
      22.685      117.100     2790.668    17281.250
      22.895      128.300     2799.883    17281.250
      23.106      128.400     2809.680    17281.250
      23.322      166.300     2810.195    17281.250
      23.527      112.200     2810.195    17281.250
      23.732      141.600     2810.195    17281.250
      23.937      131.400     2810.453    17281.250
      24.146      172.800     2810.453    17281.250
      24.351      131.600     2810.453    17281.250
      24.559      144.000     2810.453    17281.250
      24.768      196.100     2810.453    17281.250
      24.974      145.900     2810.453    17281.250
      25.179      141.100     2810.453    17281.250
      25.385      204.400     2810.711    17281.250
      25.591      131.100     2810.711    17281.250
      25.797      164.700     2810.711    17281.250
      26.003      136.400     2810.711    17281.250
      26.207      151.300     2810.711    17281.250
      26.418      161.600     2810.711    17281.250
      26.623      121.900     2810.711    17281.250
      26.828      165.600     2810.969    17281.250
      27.039      137.500     2810.969    17281.250
      27.250      123.200     2810.969    17281.250
      27.460      191.000     2811.227    17281.250
      27.666      116.200     2811.227    17281.250
      27.874      148.800     2811.227    17281.250
      28.080      141.100     2811.227    17281.250
      28.285      126.900     2811.484    17281.250
      28.495      152.000     2811.742    17281.250
      28.700      131.600     2811.742    17281.250
      28.906      136.500     2811.742    17281.250
      29.111      131.600     2811.742    17281.250
      29.319      149.000     2811.742    17281.250
      29.524      121.800     2811.742    17281.250
      29.730      141.100     2811.742    17281.250
      29.935      151.300     2811.742    17281.250
      30.143      129.300     2812.000    17281.250
      30.349      126.300     2812.000    17281.250
      30.557      134.900     2812.000    17281.250
      30.761      122.400     2812.000    17281.250
      30.965      151.800     2812.258    17281.250
      31.170      126.800     2812.258    17281.250
      31.375      117.300     2812.258    17281.250
      31.584      153.200     2812.258    17281.250
      31.794      133.400     2812.516    17281.250
      31.999      170.200     2812.516    17281.250
      32.204      132.000     2812.516    17281.250
      32.409      132.000     2812.773    17281.250
      32.619      142.300     2812.773    17281.250
      32.824      136.700     2813.793    17281.250
      33.031      115.900     2813.793    17281.250
      33.239      134.400     2813.793    17281.250
      33.447      144.500     2813.793    17281.250
      33.658      137.600     2813.793    17281.250
      33.866      134.500     2813.793    17281.250
      34.072      121.400     2813.793    17281.250
      34.279      159.600     2813.793    17281.250
      34.484      131.800     2813.793    17281.250
      34.694      142.700     2813.793    17281.250
      34.900      145.800     2813.793    17281.250
      35.108      129.700     2813.793    17281.250
      35.314      179.800     2813.793    17281.250
      35.522      134.300     2813.793    17281.250
      35.730      153.600     2813.793    17281.250
      35.940      171.800     2813.793    17281.250
      36.146      141.100     2813.793    17281.250
      36.351      141.300     2813.793    17281.250
      36.562      160.600     2813.793    17281.250
      36.773      109.400     2813.793    17281.250
      36.986      154.600     2813.793    17281.250
      37.194      144.100     2813.793    17281.250
      37.408      154.600     2813.793    17281.250
      37.614      131.300     2813.793    17281.250
      37.824      133.100     2814.051    17281.250
      38.033      124.100     2814.051    17281.250
      38.244      171.100     2814.309    17281.250
      38.453      162.300     2814.801    17281.250
      38.664      132.900     2815.059    17281.250
      38.879      167.400     2816.074    17281.250
      39.089      109.400     2816.074    17281.250
      39.295      145.700     2816.074    17281.250
      39.506      118.800     2816.074    17281.250
      39.716      152.500     2816.074    17281.250
      39.921      131.500     2816.332    17281.250
      40.133      169.800     2816.590    17281.250
      40.339      136.000     2816.848    17281.250
      40.544      121.800     2816.848    17281.250
      40.752      173.200     2816.848    17281.250
      40.957      146.200     2816.848    17281.250
      41.162      165.500     2817.105    17281.250
      41.368      121.800     2817.105    17281.250
      41.573      136.300     2817.105    17281.250
      41.778      121.800     2817.105    17281.250
      41.984      146.200     2817.105    17281.250
      42.189      146.100     2817.363    17281.250
      42.395      126.500     2817.363    17281.250
      42.606      165.800     2817.363    17281.250
      42.811      126.800     2817.363    17281.250
      43.019      144.100     2817.363    17281.250
      43.226      125.400     2817.363    17281.250
      43.435      162.700     2817.363    17281.250
      43.641      160.700     2817.363    17281.250
      43.851      156.900     2817.363    17281.250
      44.059      148.700     2817.363    17281.250
      44.264      136.700     2817.363    17281.250
      44.472      129.700     2817.363    17281.250
      44.678      131.300     2817.363    17281.250
      44.888      137.700     2817.621    17281.250
      45.100      137.100     2817.621    17281.250
      45.305      131.700     2817.621    17281.250
      45.520      143.900     2817.621    17281.250
      45.731      142.600     2817.621    17281.250
      45.936      136.600     2817.621    17281.250
      46.146      133.000     2817.621    17281.250
      46.361      139.800     2817.621    17281.250
      46.573      141.200     2817.621    17281.250
      46.783      161.700     2817.879    17281.250
      46.991      158.700     2818.137    17281.250
      47.200      158.500     2818.137    17281.250
      47.407      135.300     2818.137    17281.250
      47.612      135.900     2818.137    17281.250
      47.819      145.300     2818.137    17281.250
      48.025      126.200     2818.137    17281.250
      48.237      169.900     2818.137    17281.250
      48.447      137.900     2818.137    17281.250
      48.657      166.800     2818.395    17281.250
      48.869      118.000     2818.395    17281.250
      49.079      157.000     2818.395    17281.250
      49.285      146.200     2818.395    17281.250
      49.493      110.100     2818.395    17281.250
      49.707      164.300     2818.395    17281.250
      49.911      122.200     2818.395    17281.250
      50.121      166.700     2818.395    17281.250
      50.328      150.100     2818.395    17281.250
      50.538      123.900     2818.641    17281.250
      50.750      146.100     2819.395    17281.250
      50.960      147.600     2819.395    17281.250
      51.166      136.100     2819.395    17281.250
      51.371      146.300     2819.395    17281.250
      51.575      141.500     2819.395    17281.250
      51.781      131.300     2819.395    17281.250
      51.987      160.200     2819.395    17281.250
      52.193      131.300     2819.395    17281.250
      52.398      165.600     2819.652    17281.250
      52.605      135.400     2819.652    17281.250
      52.811      126.300     2819.652    17281.250
      53.016      180.200     2819.652    17281.250
      53.221      131.500     2819.652    17281.250
      53.427      140.900     2819.652    17281.250
      53.633      141.100     2819.652    17281.250
      53.838      126.600     2819.652    17281.250
      54.044      155.200     2819.652    17281.250
      54.249      131.900     2819.652    17281.250
      54.457      144.100     2819.652    17281.250
      54.663      141.100     2819.652    17281.250
      54.868      121.900     2819.652    17281.250
      55.080      160.300     2819.652    17281.250
      55.288      139.200     2819.652    17281.250
      55.498      152.700     2819.652    17281.250
      55.703      136.700     2819.652    17281.250
      55.911      153.700     2819.652    17281.250
      56.120      153.300     2819.652    17281.250
      56.328      129.200     2819.652    17281.250
      56.536      149.600     2819.652    17281.250
      56.741      121.600     2819.652    17281.250
      56.950      148.900     2819.652    17281.250
      57.155      121.600     2819.652    17281.250
      57.365      180.900     2819.652    17281.250
      57.571      116.500     2819.652    17281.250
      57.776      132.100     2819.652    17281.250
      57.980      122.100     2819.652    17281.250
      58.186      175.100     2819.652    17281.250
      58.391      146.400     2819.652    17281.250
      58.597      160.400     2819.652    17281.250
      58.802      165.600     2819.652    17281.250
      59.007      126.900     2819.652    17281.250
      59.212      136.600     2819.652    17281.250
      59.421      133.700     2819.652    17281.250
      59.626      131.900     2819.652    17281.250
      59.831      126.900     2819.652    17281.250
      60.035      131.900     2819.652    17281.250
      60.240      151.200     2819.652    17281.250
      60.446      111.900     2819.652    17281.250
      60.651      170.600     2819.652    17281.250
      60.857      136.200     2819.652    17281.250
      61.062      131.600     2819.652    17281.250
      61.268      140.400     2819.652    17281.250
      61.476      125.600     2819.652    17281.250
      61.682      155.300     2819.652    17281.250
      61.886      127.100     2819.652    17281.250
      62.092      111.800     2819.652    17281.250
      62.302      157.200     2819.652    17281.250
      62.510      115.600     2819.652    17281.250
      62.715      151.200     2819.652    17281.250
      62.919      131.900     2819.652    17281.250
      63.129      147.400     2819.652    17281.250
      63.335      170.300     2819.910    17281.250
      63.540      155.800     2819.910    17281.250
      63.745      176.100     2825.324    17281.250
      63.949      117.400     2825.324    17281.250
      64.154      141.800     2825.324    17281.250
      64.360      164.800     2825.324    17281.250
      64.565      117.100     2825.324    17281.250
      64.771      141.100     2825.324    17281.250
      64.976      112.100     2825.324    17281.250
      65.181      156.000     2825.324    17281.250
      65.386      122.100     2825.324    17281.250
      65.591      170.600     2825.324    17281.250
      65.796      136.400     2825.582    17281.250
      66.001      136.500     2825.582    17281.250
      66.206      117.000     2825.582    17281.250
      66.412      136.400     2825.582    17281.250
      66.617      131.500     2825.582    17281.250
      66.822      131.400     2825.832    17281.250
      67.029      135.900     2825.832    17281.250
      67.233      161.400     2825.832    17281.250
      67.438      146.200     2826.090    17281.250
      67.643      126.800     2826.090    17281.250
      67.848      151.000     2826.090    17281.250
      68.054      117.000     2826.090    17281.250
      68.261      144.900     2826.348    17281.250
      68.466      136.100     2826.348    17281.250
      68.672      160.700     2826.605    17281.250
      68.876      122.200     2826.605    17281.250
      69.082      141.000     2826.605    17281.250
      69.288      140.900     2826.605    17281.250
      69.498      128.500     2826.605    17281.250
      69.702      141.900     2826.605    17281.250
      69.910      139.400     2826.605    17281.250
      70.115      146.100     2826.605    17281.250
      70.322      135.300     2826.605    17281.250
      70.528      126.700     2826.605    17281.250
      70.736      144.100     2826.863    17281.250
      70.942      155.200     2826.863    17281.250
      71.147      141.500     2826.863    17281.250
      71.355      148.800     2826.863    17281.250
      71.561      131.300     2826.863    17281.250
      71.771      157.000     2826.863    17281.250
      71.976      126.700     2826.863    17281.250
      72.182      165.500     2826.863    17281.250
      72.387      126.400     2827.121    17281.250
      72.593      140.700     2827.121    17281.250
      72.798      107.500     2827.121    17281.250
      73.003      141.300     2827.121    17281.250
      73.217      150.000     2827.121    17281.250
      73.422      116.700     2827.121    17281.250
      73.630      173.400     2827.121    17281.250
      73.835      131.600     2827.121    17281.250
      74.041      146.200     2827.121    17281.250
      74.245      151.500     2827.121    17281.250
      74.452      140.000     2827.121    17281.250
      74.663      142.400     2827.121    17281.250
      74.868      131.900     2827.121    17281.250
      75.079      175.400     2827.121    17281.250
      75.285      111.600     2827.121    17281.250
      75.496      170.100     2827.121    17281.250
      75.701      146.400     2827.121    17281.250
      75.913      174.800     2827.121    17281.250
      76.119      126.400     2827.121    17281.250
      76.329      138.000     2827.121    17281.250
      76.534      126.900     2827.121    17281.250
      76.746      146.000     2827.121    17281.250
      76.953      145.100     2827.379    17281.250
      77.159      140.900     2827.379    17281.250
      77.367      149.000     2827.379    17281.250
      77.572      126.600     2827.379    17281.250
      77.780      177.900     2827.379    17281.250
      77.985      131.700     2827.379    17281.250
      78.193      134.400     2827.379    17281.250
      78.402      153.700     2827.379    17281.250
      78.607      131.300     2827.379    17281.250
      78.817      161.800     2827.379    17281.250
      79.023      121.700     2827.379    17281.250
      79.231      182.600     2827.379    17281.250
      79.436      165.700     2827.379    17281.250
      79.641      160.700     2827.379    17281.250
      79.850      158.600     2827.379    17281.250
      80.055      131.300     2827.379    17281.250
      80.262      154.700     2827.379    17281.250
      80.472      128.700     2827.379    17281.250
      80.680      139.600     2827.379    17281.250
      80.888      192.200     2827.379    17281.250
      81.093      122.000     2827.379    17281.250
      81.301      148.900     2827.379    17281.250
      81.510      157.900     2827.379    17281.250
      81.715      116.900     2827.379    17281.250
      81.929      149.400     2827.379    17281.250
      82.135      131.200     2827.379    17281.250
      82.341      189.800     2827.379    17281.250
      82.547      126.100     2827.379    17281.250
      82.755      187.100     2827.379    17281.250
      82.961      136.100     2827.379    17281.250
      83.171      157.000     2827.379    17281.250
      83.381      157.000     2827.379    17281.250
      83.586      131.700     2827.379    17281.250
      83.796      148.100     2827.379    17281.250
      84.001      175.800     2827.379    17281.250
      84.206      141.500     2827.379    17281.250
      84.413      149.100     2827.379    17281.250
      84.619      136.500     2827.379    17281.250
      84.824      121.800     2827.379    17281.250
      85.032      182.400     2827.379    17281.250
      85.237      150.900     2827.379    17281.250
      85.442      166.200     2827.379    17281.250
      85.647      141.400     2827.379    17281.250
      85.854      149.900     2827.379    17281.250
      86.059      150.900     2827.379    17281.250
      86.264      136.500     2827.379    17281.250
      86.470      160.500     2827.379    17281.250
      86.678      119.900     2827.379    17281.250
      86.883      161.000     2827.379    17281.250
      87.089      136.300     2827.637    17281.250
      87.298      143.400     2827.637    17281.250
      87.503      117.000     2827.637    17281.250
      87.714      180.600     2827.637    17281.250
      87.919      151.100     2827.895    17281.250
      88.124      180.000     2827.895    17281.250
      88.330      140.800     2827.895    17281.250
      88.539      172.500     2827.895    17281.250
      88.744      126.700     2827.895    17281.250
      88.950      140.800     2827.895    17281.250
      89.156      131.300     2827.895    17281.250
      89.362      160.200     2827.895    17281.250
      89.571      152.600     2827.895    17281.250
      89.782      137.900     2827.895    17281.250
      89.992      161.700     2827.895    17281.250
      90.200      129.700     2827.895    17281.250
      90.410      161.900     2827.895    17281.250
      90.618      129.700     2827.895    17281.250
      90.824      131.100     2827.895    17281.250
      91.030      121.700     2827.895    17281.250
      91.235      175.300     2827.895    17281.250
      91.442      149.600     2827.895    17281.250
      91.647      136.500     2827.895    17281.250
      91.856      177.000     2827.895    17281.250
      92.067      118.800     2827.895    17281.250
      92.271      171.000     2827.895    17281.250
      92.477      126.500     2827.895    17281.250
      92.682      117.200     2827.895    17281.250
      92.892      137.900     2827.895    17281.250
      93.097      141.600     2827.895    17281.250
      93.302      112.400     2827.895    17281.250
      93.510      153.800     2827.895    17281.250
      93.716      140.800     2827.895    17281.250
      93.924      139.200     2827.895    17281.250
      94.135      142.200     2827.895    17281.250
      94.343      144.200     2827.895    17281.250
      94.551      124.900     2827.895    17281.250
      94.759      148.800     2827.895    17281.250
      94.971      160.900     2827.895    17281.250
      95.181      133.200     2827.895    17281.250
      95.386      151.100     2827.895    17281.250
      95.597      137.500     2827.895    17281.250
      95.807      166.500     2827.895    17281.250
      96.015      177.700     2827.895    17281.250
      96.225      133.300     2827.895    17281.250
      96.438      173.700     2827.895    17281.250
      96.655      194.200     2828.410    17281.250
      96.866      156.200     2828.410    17281.250
      97.077      142.400     2828.410    17281.250
      97.287      133.000     2828.410    17281.250
      97.495      153.700     2828.410    17281.250
      97.707      165.400     2828.668    17281.250
      97.917      142.600     2828.668    17281.250
      98.129      165.500     2828.668    17281.250
      98.338      129.500     2828.668    17281.250
      98.548      137.900     2828.668    17281.250
      98.759      142.300     2828.668    17281.250
      98.969      147.400     2828.668    17281.250
      99.179      119.300     2828.668    17281.250
      99.389      175.700     2828.668    17281.250
      99.598      138.800     2828.668    17281.250
      99.807      138.800     2828.668    17281.250
     100.017      128.500     2828.668    17281.250
     100.227      133.200     2828.668    17281.250
     100.438      128.100     2828.668    17281.250
     100.649      166.400     2828.668    17281.250
     100.860      118.100     2828.668    17281.250
     101.071      137.900     2828.668    17281.250
     101.281      114.100     2828.668    17281.250
     101.491      138.200     2828.668    17281.250
     101.701      128.400     2828.668    17281.250
     101.915      131.100     2828.668    17281.250
     102.124      143.500     2828.668    17281.250
     102.338      130.500     2828.668    17281.250
     102.549      166.300     2828.668    17281.250
     102.758      110.100     2828.668    17281.250
     102.966      144.200     2828.668    17281.250
     103.176      137.700     2828.668    17281.250
     103.387      142.700     2828.668    17281.250
     103.598      123.100     2828.668    17281.250
     103.808      138.000     2828.668    17281.250
     104.018      114.100     2828.668    17281.250
     104.229      128.400     2828.668    17281.250
     104.439      137.900     2828.668    17281.250
     104.651      136.500     2828.668    17281.250
     104.861      138.100     2828.926    17281.250
     105.072      175.900     2829.184    17281.250
     105.278      135.900     2829.184    17281.250
     105.486      177.600     2829.184    17281.250
     105.691      131.500     2829.184    17281.250
     105.896      127.100     2829.441    17281.250
     106.106      166.500     2829.441    17281.250
     106.312      136.200     2829.441    17281.250
     106.516      151.600     2829.441    17281.250
     106.725      139.000     2829.441    17281.250
     106.935      142.700     2829.441    17281.250
     107.140      190.700     2829.441    17281.250
     107.348      134.500     2829.441    17281.250
     107.557      138.800     2829.441    17281.250
     107.764      149.800     2829.441    17281.250
     107.974      128.500     2829.441    17281.250
     108.183      148.200     2829.441    17281.250
     108.387      151.700     2829.441    17281.250
     108.598      152.200     2829.441    17281.250
     108.808      109.400     2829.441    17281.250
     109.017      196.300     2829.699    17281.250
     109.222      117.200     2829.699    17281.250
     109.426      171.100     2829.699    17281.250
     109.632      121.500     2829.699    17281.250
     109.842      152.200     2829.699    17281.250
     110.053      132.700     2829.699    17281.250
     110.263      161.800     2829.699    17281.250
     110.477      126.500     2829.699    17281.250
     110.687      152.200     2829.699    17281.250
     110.894      125.300     2829.699    17281.250
     111.099      146.200     2829.699    17281.250
     111.304      131.900     2829.699    17281.250
     111.509      136.600     2829.699    17281.250
     111.715      131.200     2829.699    17281.250
     111.920      156.200     2829.699    17281.250
     112.124      131.800     2829.699    17281.250
     112.329      141.800     2829.699    17281.250
     112.534      121.800     2829.699    17281.250
     112.739      151.600     2829.699    17281.250
     112.944      131.700     2829.699    17281.250
     113.148      156.300     2829.699    17281.250
     113.354      111.900     2829.699    17281.250
     113.559      156.200     2829.699    17281.250
     113.764      156.000     2829.699    17281.250
     113.968      127.200     2829.699    17281.250
     114.173      141.400     2829.699    17281.250
     114.378      117.300     2829.699    17281.250
     114.584      140.500     2829.699    17281.250
     114.789      151.300     2829.699    17281.250
     114.994      146.100     2829.699    17281.250
     115.199      151.500     2829.957    17281.250
     115.405      170.300     2829.957    17281.250
     115.610      126.800     2829.957    17281.250
     115.816      150.500     2829.957    17281.250
     116.021      170.900     2829.957    17281.250
     116.225      136.800     2829.957    17281.250
     116.432      150.000     2829.957    17281.250
     116.638      164.900     2829.957    17281.250
     116.844      116.700     2829.957    17281.250
     117.054      147.700     2829.957    17281.250
     117.262      115.300     2829.957    17281.250
     117.476      145.100     2829.957    17281.250
     117.684      124.900     2829.957    17281.250
     117.892      163.300     2829.957    17281.250
     118.102      133.000     2829.957    17281.250
     118.313      190.100     2829.957    17281.250
     118.525      146.300     2829.957    17281.250
     118.736      137.100     2829.957    17281.250
     118.946      152.200     2829.957    17281.250
     119.155      110.300     2829.957    17281.250
     119.365      152.200     2829.957    17281.250
     119.575      123.700     2829.957    17281.250
     119.790      162.700     2829.957    17281.250
     120.001      138.000     2829.957    17281.250
     120.211      133.200     2829.957    17281.250
     120.421      152.000     2829.957    17281.250
     120.626      136.500     2829.957    17281.250
     120.833      121.100     2829.957    17281.250
     121.038      180.300     2829.957    17281.250
     121.243      122.000     2829.957    17281.250
     121.448      136.500     2829.957    17281.250
     121.654      131.200     2829.957    17281.250
     121.863      129.200     2829.957    17281.250
     122.074      142.200     2829.957    17281.250
     122.281      130.100     2829.957    17281.250
     122.487      174.700     2829.957    17281.250
     122.693      126.500     2829.957    17281.250
     122.898      141.500     2829.957    17281.250
     123.102      151.600     2829.957    17281.250
     123.307      131.600     2829.957    17281.250
     123.516      143.900     2829.957    17281.250
     123.721      136.200     2829.957    17281.250
     123.927      185.000     2829.957    17281.250
     124.132      150.800     2829.957    17281.250
     124.340      120.200     2829.957    17281.250
     124.549      148.200     2829.957    17281.250
     124.759      128.600     2829.957    17281.250
     124.970      189.700     2829.957    17281.250
     125.175      141.500     2829.957    17281.250
     125.381      141.100     2829.957    17281.250
     125.591      152.500     2829.957    17281.250
     125.796      117.200     2829.957    17281.250
     126.004      148.600     2829.957    17281.250
     126.209      122.200     2829.957    17281.250
     126.419      133.400     2829.957    17281.250
     126.623      151.500     2829.957    17281.250
     126.833      138.100     2829.957    17281.250
     127.038      136.600     2829.957    17281.250
     127.244      165.400     2829.957    17281.250
     127.451      164.300     2829.957    17281.250
     127.659      110.500     2829.957    17281.250
     127.869      147.700     2829.957    17281.250
     128.078      153.300     2829.957    17281.250
     128.288      161.800     2829.957    17281.250
     128.492      141.800     2829.957    17281.250
     128.702      138.300     2829.957    17281.250
     128.907      121.800     2829.957    17281.250
     129.113      136.300     2829.957    17281.250
     129.321      153.400     2829.957    17281.250
     129.527      121.600     2829.957    17281.250
     129.736      191.100     2829.957    17281.250
     129.941      117.200     2829.957    17281.250
     130.147      164.900     2829.957    17281.250
     130.352      165.900     2829.957    17281.250
     130.558      145.800     2829.957    17281.250
     130.764      140.900     2829.957    17281.250
     130.969      131.500     2829.957    17281.250
     131.176      154.800     2829.957    17281.250
     131.384      134.700     2829.957    17281.250
     131.592      129.400     2829.957    17281.250
     131.801      143.600     2829.957    17281.250
     132.006      136.500     2829.957    17281.250
     132.217      157.000     2829.957    17281.250
     132.422      131.500     2829.957    17281.250
     132.627      150.800     2829.957    17281.250
     132.833      136.300     2829.957    17281.250
     133.043      143.000     2829.957    17281.250
     133.248      126.800     2829.957    17281.250
     133.453      136.400     2829.957    17281.250
     133.658      122.400     2829.957    17281.250
     133.863      136.300     2829.957    17281.250
     134.068      151.200     2829.957    17281.250
     134.274      126.300     2829.957    17281.250
     134.478      190.500     2829.957    17281.250
     134.683      165.900     2829.957    17281.250
     134.889      150.900     2829.957    17281.250
     135.095      111.600     2829.957    17281.250
     135.305      142.800     2829.957    17281.250
     135.511      126.100     2829.957    17281.250
     135.721      152.300     2829.957    17281.250
     135.926      117.300     2829.957    17281.250
     136.134      139.400     2829.957    17281.250
     136.338      117.300     2829.957    17281.250
     136.549      161.700     2829.957    17281.250
     136.759      133.300     2829.957    17281.250
     136.967      173.000     2829.957    17281.250
     137.173      116.800     2829.957    17281.250
     137.377      156.400     2829.957    17281.250
     137.583      150.200     2829.957    17281.250
     137.794      132.900     2829.957    17281.250
     138.000      121.200     2829.957    17281.250
     138.206      146.100     2829.957    17281.250
     138.413      145.200     2829.957    17281.250
     138.619      140.500     2829.957    17281.250
     138.824      160.500     2829.957    17281.250
     139.029      141.800     2829.957    17281.250
     139.234      141.200     2829.957    17281.250
     139.441      164.400     2829.957    17281.250
     139.647      112.000     2829.957    17281.250
     139.852      145.800     2829.957    17281.250
     140.058      126.300     2829.957    17281.250
     140.264      165.400     2829.957    17281.250
     140.469      131.400     2829.957    17281.250
     140.674      136.500     2829.957    17281.250
     140.883      187.100     2829.957    17281.250
     141.088      116.800     2829.957    17281.250
     141.294      145.900     2829.957    17281.250
     141.503      163.000     2829.957    17281.250
     141.709      140.800     2829.957    17281.250
     141.914      136.300     2829.957    17281.250
     142.120      135.900     2829.957    17281.250
     142.327      164.200     2829.957    17281.250
     142.532      131.700     2829.957    17281.250
     142.737      165.500     2829.957    17281.250
     142.943      131.300     2829.957    17281.250
     143.148      155.800     2829.957    17281.250
     143.354      136.300     2829.957    17281.250
     143.561      140.100     2829.957    17281.250
     143.769      144.000     2829.957    17281.250
     143.975      131.300     2829.957    17281.250
     144.182      144.500     2829.957    17281.250
     144.387      121.900     2829.957    17281.250
     144.593      170.000     2829.957    17281.250
     144.798      131.800     2829.957    17281.250
     145.006      139.400     2829.957    17281.250
     145.215      157.900     2829.957    17281.250
     145.424      129.300     2829.957    17281.250
     145.636      156.200     2829.957    17281.250
     145.845      133.800     2829.957    17281.250
     146.053      163.300     2829.957    17281.250
     146.258      122.100     2829.957    17281.250
     146.468      143.000     2829.957    17281.250
     146.672      112.500     2829.957    17281.250
     146.882      171.300     2829.957    17281.250
     147.087      127.000     2829.957    17281.250
     147.293      145.300     2829.957    17281.250
     147.500      121.200     2829.957    17281.250
     147.705      151.000     2829.957    17281.250
     147.909      141.900     2829.957    17281.250
     148.115      136.300     2829.957    17281.250
     148.320      141.200     2829.957    17281.250
     148.525      146.300     2829.957    17281.250
     148.731      126.500     2829.957    17281.250
     148.936      150.800     2829.957    17281.250
     149.142      121.500     2829.957    17281.250
     149.347      141.300     2829.957    17281.250
     149.552      126.900     2829.957    17281.250
     149.757      151.200     2829.957    17281.250
     149.963      126.100     2829.957    17281.250
     150.168      131.600     2829.957    17281.250
     150.374      141.000     2829.957    17281.250
     150.580      140.800     2829.957    17281.250
     150.785      121.900     2829.957    17281.250
     150.991      131.400     2829.957    17281.250
     151.196      126.900     2829.957    17281.250
     151.401      175.200     2829.957    17281.250
     151.607      126.300     2829.957    17281.250
     151.812      131.700     2829.957    17281.250
     152.019      159.800     2829.957    17281.250
     152.224      131.400     2829.957    17281.250
     152.430      165.000     2829.957    17281.250
     152.636      136.300     2829.957    17281.250
     152.841      131.400     2829.957    17281.250
     153.048      149.700     2829.957    17281.250
     153.254      141.100     2829.957    17281.250
     153.460      145.300     2829.957    17281.250
     153.665      131.800     2829.957    17281.250
     153.870      126.600     2829.957    17281.250
     154.084      149.700     2829.957    17281.250
     154.290      126.200     2829.957    17281.250
     154.497      159.500     2829.957    17281.250
     154.705      139.500     2829.957    17281.250
     154.910      155.800     2829.957    17281.250
     155.115      131.800     2829.957    17281.250
     155.320      136.400     2829.957    17281.250
     155.526      145.900     2830.215    17281.250
     155.732      116.800     2830.215    17281.250
     155.937      145.900     2830.215    17281.250
     156.142      161.300     2830.215    17281.250
     156.346      161.400     2830.473    17281.250
     156.551      121.900     2830.473    17281.250
     156.759      158.700     2830.473    17281.250
     156.965      116.600     2830.473    17281.250
     157.171      165.600     2830.473    17281.250
     157.376      112.100     2830.473    17281.250
     157.581      189.900     2830.473    17281.250
     157.788      130.700     2830.473    17281.250
     157.996      134.600     2830.473    17281.250
     158.201      121.900     2830.473    17281.250
     158.409      149.000     2830.473    17281.250
     158.614      136.200     2830.473    17281.250
     158.824      147.900     2830.473    17281.250
     159.029      131.600     2830.473    17281.250
     159.235      126.100     2830.473    17281.250
     159.440      146.200     2830.473    17281.250
     159.646      146.200     2830.473    17281.250
     159.851      155.900     2830.473    17281.250
     160.057      145.800     2830.473    17281.250
     160.265      134.200     2830.473    17281.250
     160.471      170.200     2830.473    17281.250
     160.676      131.500     2830.473    17281.250
     160.886      128.400     2830.473    17281.250
     161.093      120.800     2830.473    17281.250
     161.303      138.200     2830.473    17281.250
     161.509      141.200     2830.473    17281.250
     161.714      126.600     2830.730    17281.250
     161.922      144.300     2830.730    17281.250
     162.127      131.700     2830.730    17281.250
     162.332      121.900     2830.730    17281.250
     162.542      152.200     2830.730    17281.250
     162.749      125.500     2830.730    17281.250
     162.956      145.400     2830.730    17281.250
     163.161      121.900     2830.730    17281.250
     163.371      142.700     2830.730    17281.250
     163.585      145.100     2830.730    17281.250
     163.794      138.400     2830.730    17281.250
     164.000      141.100     2830.730    17281.250
     164.204      146.700     2830.730    17281.250
     164.414      137.900     2830.730    17281.250
     164.629      172.800     2830.730    17281.250
     164.841      122.300     2830.730    17281.250
     165.051      161.800     2830.730    17281.250
     165.261      180.800     2830.730    17281.250
     165.472      147.500     2830.730    17281.250
     165.682      180.800     2830.730    17281.250
     165.892      147.500     2830.730    17281.250
     166.102      133.200     2830.730    17281.250
     166.314      136.900     2830.730    17281.250
     166.524      142.800     2830.730    17281.250
     166.735      113.900     2830.730    17281.250
     166.945      161.600     2830.730    17281.250
     167.150      155.900     2830.730    17281.250
     167.357      130.800     2830.730    17281.250
     167.561      136.900     2830.730    17281.250
     167.766      131.800     2830.730    17281.250
     167.971      151.200     2830.730    17281.250
     168.176      131.600     2830.730    17281.250
     168.383      150.300     2830.730    17281.250
     168.588      131.400     2830.730    17281.250
     168.795      178.700     2830.730    17281.250
     169.003      144.600     2830.730    17281.250
     169.212      133.600     2830.730    17281.250
     169.422      181.500     2830.730    17281.250
     169.627      121.900     2830.730    17281.250
     169.833      130.800     2830.730    17281.250
     170.039      111.500     2830.730    17281.250
     170.245      145.900     2830.730    17281.250
     170.453      120.100     2830.730    17281.250
     170.663      162.200     2830.730    17281.250
     170.875      150.900     2830.730    17281.250
     171.079      166.300     2830.730    17281.250
     171.285      136.200     2830.730    17281.250
     171.495      133.400     2830.730    17281.250
     171.701      136.100     2830.730    17281.250
     171.910      162.200     2830.730    17281.250
     172.115      121.900     2830.730    17281.250
     172.323      153.800     2830.730    17281.250
     172.528      136.500     2830.730    17281.250
     172.739      133.200     2830.730    17281.250
     172.949      171.300     2830.730    17281.250
     173.154      165.700     2830.730    17281.250
     173.360      155.700     2830.730    17281.250
     173.573      150.300     2830.730    17281.250
     173.778      131.700     2830.730    17281.250
     173.983      160.600     2830.730    17281.250
     174.188      126.500     2830.730    17281.250
     174.398      128.700     2830.730    17281.250
     174.603      117.000     2830.730    17281.250
     174.811      158.700     2830.730    17281.250
     175.017      170.200     2830.730    17281.250
     175.227      152.200     2830.730    17281.250
     175.437      161.900     2830.988    17281.250
     175.643      141.100     2831.246    17281.250
     175.851      153.600     2831.246    17281.250
     176.056      156.000     2831.246    17281.250
     176.261      146.500     2831.246    17281.250
     176.466      155.800     2831.504    17281.250
     176.671      127.100     2831.504    17281.250
     176.879      173.000     2831.504    17281.250
     177.085      150.600     2831.504    17281.250
     177.291      121.500     2831.504    17281.250
     177.497      135.900     2831.504    17281.250
     177.703      125.800     2831.504    17281.250
     177.908      146.400     2831.504    17281.250
     178.116      130.300     2831.504    17281.250
     178.327      137.300     2831.504    17281.250
     178.532      122.000     2831.504    17281.250
     178.740      163.000     2831.504    17281.250
     178.948      129.800     2831.504    17281.250
     179.154      165.300     2831.504    17281.250
     179.359      121.700     2831.504    17281.250
     179.565      160.500     2831.504    17281.250
     179.771      136.200     2831.504    17281.250
     179.977      145.500     2831.504    17281.250
     180.183      135.500     2831.504    17281.250
     180.388      165.800     2831.504    17281.250
     180.594      136.000     2831.504    17281.250
     180.802      144.200     2831.504    17281.250
     181.008      141.000     2831.504    17281.250
     181.214      145.600     2831.504    17281.250
     181.419      166.000     2831.504    17281.250
     181.624      136.500     2831.504    17281.250
     181.834      157.100     2831.504    17281.250
     182.040      126.600     2831.504    17281.250
     182.245      121.900     2831.504    17281.250
     182.451      150.200     2831.504    17281.250
     182.656      141.500     2831.504    17281.250
     182.865      158.300     2831.504    17281.250
     183.070      131.500     2831.504    17281.250
     183.280      161.800     2831.504    17281.250
     183.485      107.300     2831.504    17281.250
     183.693      168.100     2831.504    17281.250
     183.898      131.800     2831.504    17281.250
     184.108      142.800     2831.504    17281.250
     184.314      111.800     2831.504    17281.250
     184.520      136.000     2831.504    17281.250
     184.725      131.600     2831.504    17281.250
     184.930      160.800     2831.504    17281.250
     185.136      146.000     2831.504    17281.250
     185.344      144.100     2831.504    17281.250
     185.550      160.200     2831.504    17281.250
     185.755      131.600     2831.504    17281.250
     185.960      151.100     2831.504    17281.250
     186.164      132.100     2831.504    17281.250
     186.370      150.800     2831.504    17281.250
     186.575      146.000     2831.504    17281.250
     186.785      138.600     2831.504    17281.250
     186.991      140.900     2831.504    17281.250
     187.196      126.700     2831.504    17281.250
     187.402      140.400     2831.504    17281.250
     187.608      131.400     2831.504    17281.250
     187.813      155.600     2831.504    17281.250
     188.019      126.800     2831.504    17281.250
     188.227      177.400     2831.504    17281.250
     188.432      127.200     2831.504    17281.250
     188.642      147.500     2831.504    17281.250
     188.846      131.900     2831.504    17281.250
     189.053      135.200     2831.504    17281.250
     189.261      144.500     2831.504    17281.250
     189.465      127.300     2831.504    17281.250
     189.672      126.200     2831.504    17281.250
     189.877      141.100     2831.504    17281.250
     190.082      122.000     2831.504    17281.250
     190.287      151.100     2831.762    17281.250
     190.493      111.700     2831.762    17281.250
     190.701      129.700     2831.762    17281.250
     190.906      160.900     2831.762    17281.250
     191.114      158.400     2831.762    17281.250
     191.319      146.400     2831.762    17281.250
     191.528      139.300     2831.762    17281.250
     191.733      121.900     2831.762    17281.250
     191.942      148.000     2831.762    17281.250
     192.147      117.400     2831.762    17281.250
     192.355      168.300     2831.762    17281.250
     192.560      141.200     2832.020    17281.250
     192.765      121.800     2832.020    17281.250
     192.981      152.900     2832.020    17281.250
     193.186      146.500     2832.020    17281.250
     193.396      157.200     2832.277    17281.250
     193.604      153.700     2832.277    17281.250
     193.809      151.400     2832.535    17281.250
     194.014      136.200     2832.535    17281.250
     194.222      158.600     2832.535    17281.250
     194.427      151.200     2832.535    17281.250
     194.632      136.900     2832.793    17281.250
     194.838      145.400     2832.793    17281.250
     195.043      141.800     2832.793    17281.250
     195.257      173.000     2832.793    17281.250
     195.462      122.000     2832.793    17281.250
     195.667      150.800     2832.793    17281.250
     195.873      160.300     2832.793    17281.250
     196.083      114.400     2832.793    17281.250
     196.288      146.000     2832.793    17281.250
     196.494      126.400     2832.793    17281.250
     196.699      171.000     2832.793    17281.250
     196.903      122.200     2832.793    17281.250
     197.111      139.400     2832.793    17281.250
     197.317      112.100     2832.793    17281.250
     197.522      145.900     2832.793    17281.250
     197.727      136.800     2832.793    17281.250
     197.935      158.600     2832.793    17281.250
     198.144      148.400     2832.793    17281.250
     198.349      121.900     2832.793    17281.250
     198.554      156.200     2833.051    17281.250
     198.760      125.900     2833.051    17281.250
     198.966      160.700     2833.051    17281.250
     199.171      126.400     2833.051    17281.250
     199.382      147.500     2833.309    17281.250
     199.586      141.600     2833.309    17281.250
     199.793      116.300     2833.309    17281.250
     200.002      157.600     2833.309    17281.250
     200.208      126.400     2833.309    17281.250
     200.414      145.100     2833.309    17281.250
     200.619      151.300     2833.309    17281.250
     200.824      132.000     2833.566    17281.250
     201.034      128.500     2833.566    17281.250
     201.239      141.100     2833.566    17281.250
     201.444      141.400     2833.566    17281.250
     201.649      131.800     2833.566    17281.250
     201.859      133.600     2833.566    17281.250
     202.069      143.000     2833.566    17281.250
     202.276      120.900     2833.566    17281.250
     202.483      130.000     2833.566    17281.250
     202.688      112.300     2833.566    17281.250
     202.895      145.000     2833.566    17281.250
     203.101      131.400     2833.566    17281.250
     203.307      130.900     2833.566    17281.250
     203.512      131.800     2833.566    17281.250
     203.720      144.200     2833.566    17281.250
     203.928      148.700     2833.566    17281.250
     204.138      166.500     2833.566    17281.250
     204.348      152.400     2833.566    17281.250
     204.558      142.800     2833.566    17281.250
     204.764      126.600     2833.566    17281.250
     204.969      131.700     2833.566    17281.250
     205.180      132.800     2833.566    17281.250
     205.388      129.600     2833.566    17281.250
     205.599      184.800     2833.566    17281.250
     205.803      151.500     2833.566    17281.250
     206.013      185.800     2833.566    17281.250
     206.219      131.500     2833.824    17281.250
     206.424      122.000     2834.082    17281.250
     206.634      147.600     2834.340    17281.250
     206.842      129.800     2834.340    17281.250
     207.054      183.900     2834.340    17281.250
     207.259      141.400     2834.340    17281.250
     207.469      152.300     2834.340    17281.250
     207.681      150.700     2834.340    17281.250
     207.887      116.900     2834.340    17281.250
     208.093      155.200     2834.340    17281.250
     208.303      128.300     2834.340    17281.250
     208.509      170.400     2834.340    17281.250
     208.714      160.700     2834.340    17281.250
     208.924      166.600     2834.340    17281.250
     209.132      201.800     2834.340    17281.250
     209.339      140.500     2834.340    17281.250
     209.544      151.100     2834.340    17281.250
     209.749      190.200     2834.340    17281.250
     209.955      169.900     2834.340    17281.250
     210.163      168.100     2834.340    17281.250
     210.371      144.100     2834.598    17281.250
     210.576      136.800     2834.598    17281.250
     210.781      121.900     2834.598    17281.250
     210.993      141.600     2834.598    17281.250
     211.199      130.700     2834.598    17281.250
     211.405      160.500     2834.598    17281.250
     211.610      136.500     2834.598    17281.250
     211.818      158.300     2834.598    17281.250
     212.028      158.000     2834.598    17281.250
     212.236      129.700     2834.598    17281.250
     212.442      164.800     2834.598    17281.250
     212.647      136.300     2834.598    17281.250
     212.857      133.300     2834.598    17281.250
     213.062      127.100     2834.598    17281.250
     213.272      166.700     2834.598    17281.250
     213.477      126.700     2834.598    17281.250
     213.687      156.900     2834.598    17281.250
     213.893      141.300     2834.598    17281.250
     214.103      138.100     2834.598    17281.250
     214.308      126.500     2834.598    17281.250
     214.518      171.400     2834.598    17281.250
     214.723      122.300     2834.598    17281.250
     214.931      173.100     2834.598    17281.250
     215.135      131.700     2834.598    17281.250
     215.340      141.700     2834.598    17281.250
     215.552      137.200     2834.598    17281.250
     215.757      131.400     2834.598    17281.250
     215.966      182.300     2834.598    17281.250
     216.170      136.600     2834.598    17281.250
     216.377      140.200     2834.598    17281.250
     216.582      122.000     2834.598    17281.250
     216.790      149.000     2834.598    17281.250
     216.996      135.800     2834.598    17281.250
     217.206      128.600     2834.598    17281.250
     217.416      143.100     2834.598    17281.250
     217.625      148.300     2834.598    17281.250
     217.831      136.000     2834.598    17281.250
     218.039      120.100     2834.598    17281.250
     218.254      162.900     2834.598    17281.250
     218.459      136.500     2834.598    17281.250
     218.664      160.800     2834.598    17281.250
     218.870      136.000     2834.598    17281.250
     219.075      136.600     2834.598    17281.250
     219.285      142.700     2834.598    17281.250
     219.491      121.800     2834.598    17281.250
     219.702      160.500     2834.598    17281.250
     219.910      159.300     2834.598    17281.250
     220.120      152.300     2834.598    17281.250
     220.325      126.900     2834.598    17281.250
     220.530      160.900     2834.598    17281.250
     220.736      126.200     2834.598    17281.250
     220.947      146.900     2834.598    17281.250
     221.158      184.700     2834.598    17281.250
     221.366      144.300     2834.598    17281.250
     221.574      177.800     2834.598    17281.250
     221.785      160.900     2834.598    17281.250
     221.995      142.700     2834.598    17281.250
     222.200      165.900     2834.855    17281.250
     222.405      141.500     2834.855    17281.250
     222.613      139.300     2834.855    17281.250
     222.824      113.900     2834.855    17281.250
     223.032      134.600     2834.855    17281.250
     223.246      121.900     2834.855    17281.250
     223.456      147.400     2834.855    17281.250
     223.665      138.900     2834.855    17281.250
     223.873      149.000     2834.855    17281.250
     224.079      149.900     2834.855    17281.250
     224.288      120.100     2834.855    17281.250
     224.497      162.000     2835.098    17281.250
     224.707      119.300     2835.098    17281.250
     224.917      147.600     2835.098    17281.250
     225.128      151.800     2835.098    17281.250
     225.336      154.000     2835.098    17281.250
     225.541      131.600     2835.098    17281.250
     225.751      138.100     2835.098    17281.250
     225.956      131.700     2835.098    17281.250
     226.165      138.200     2835.098    17281.250
     226.374      153.500     2835.098    17281.250
     226.583      138.400     2835.098    17281.250
     226.790      159.700     2835.098    17281.250
     226.995      131.900     2835.098    17281.250
     227.202      149.700     2835.098    17281.250
     227.408      145.500     2835.098    17281.250
     227.613      136.500     2835.098    17281.250
     227.818      136.900     2835.098    17281.250
     228.023      150.700     2835.098    17281.250
     228.229      145.700     2835.098    17281.250
     228.439      133.300     2835.098    17281.250
     228.645      174.800     2835.098    17281.250
     228.853      144.200     2835.098    17281.250
     229.059      155.700     2835.098    17281.250
     229.269      152.000     2835.355    17281.250
     229.477      135.100     2835.355    17281.250
     229.686      147.800     2835.355    17281.250
     229.895      134.500     2835.355    17281.250
     230.100      160.600     2835.355    17281.250
     230.312      150.600     2835.355    17281.250
     230.517      127.100     2835.355    17281.250
     230.727      157.200     2835.355    17281.250
     230.932      165.800     2835.355    17281.250
     231.138      150.900     2835.355    17281.250
     231.347      172.000     2835.355    17281.250
     231.552      122.000     2835.355    17281.250
     231.761      157.300     2835.355    17281.250
     231.966      136.500     2835.355    17281.250
     232.175      148.900     2835.355    17281.250
     232.383      129.900     2835.355    17281.250
     232.591      139.400     2835.355    17281.250
     232.800      152.900     2835.355    17281.250
     233.009      148.100     2835.355    17281.250
     233.214      121.800     2835.355    17281.250
     233.424      143.000     2835.355    17281.250
     233.630      180.000     2835.355    17281.250
     233.835      136.300     2835.355    17281.250
     234.044      172.300     2835.355    17281.250
     234.249      175.800     2835.355    17281.250
     234.454      126.500     2835.355    17281.250
     234.665      147.500     2835.355    17281.250
     234.869      132.000     2835.355    17281.250
     235.075      155.800     2835.355    17281.250
     235.279      127.100     2835.355    17281.250
     235.487      148.900     2835.355    17281.250
     235.692      127.100     2835.355    17281.250
     235.902      166.800     2835.355    17281.250
     236.106      170.900     2835.355    17281.250
     236.311      117.400     2835.355    17281.250
     236.522      147.100     2835.355    17281.250
     236.726      136.900     2835.355    17281.250
     236.934      134.700     2835.355    17281.250
     237.139      131.700     2835.355    17281.250
     237.349      161.900     2835.355    17281.250
     237.555      155.200     2835.355    17281.250
     237.761      126.500     2835.355    17281.250
     237.971      171.300     2835.355    17281.250
     238.175      122.400     2835.355    17281.250
     238.384      181.600     2835.355    17281.250
     238.589      156.100     2835.613    17281.250
     238.797      168.200     2835.613    17281.250
     239.002      185.600     2835.613    17281.250
     239.210      158.400     2835.613    17281.250
     239.420      147.800     2835.613    17281.250
     239.627      140.500     2835.613    17281.250
     239.836      152.500     2835.613    17281.250
     240.045      182.000     2835.613    17281.250
     240.251      136.400     2835.613    17281.250
     240.459      177.700     2835.613    17281.250
     240.664      160.600     2835.613    17281.250
     240.869      156.600     2835.613    17281.250
     241.077      158.600     2835.613    17281.250
     241.288      170.700     2835.613    17281.250
     241.496      134.400     2835.613    17281.250
     241.706      152.200     2835.613    17281.250
     241.911      131.800     2835.613    17281.250
     242.119      149.100     2835.613    17281.250
     242.325      135.900     2835.613    17281.250
     242.535      166.600     2835.613    17281.250
     242.740      112.200     2835.613    17281.250
     242.948      149.000     2835.613    17281.250
     243.154      121.500     2835.613    17281.250
     243.362      144.200     2835.613    17281.250
     243.567      145.900     2835.613    17281.250
     243.772      151.600     2835.613    17281.250
     243.977      136.300     2835.613    17281.250
     244.183      121.700     2835.613    17281.250
     244.391      129.800     2835.613    17281.250
     244.595      112.400     2835.613    17281.250
     244.808      155.200     2835.613    17281.250
     245.013      112.200     2835.613    17281.250
     245.219      164.900     2835.613    17281.250
     245.428      153.500     2835.613    17281.250
     245.637      186.600     2835.613    17281.250
     245.842      170.300     2835.613    17281.250
     246.048      131.500     2835.613    17281.250
     246.253      165.200     2835.613    17281.250
     246.460      121.000     2835.613    17281.250
     246.665      150.900     2835.613    17281.250
     246.871      116.600     2835.613    17281.250
     247.080      153.400     2835.613    17281.250
     247.289      133.600     2835.613    17281.250
     247.495      131.500     2835.613    17281.250
     247.700      131.400     2835.613    17281.250
     247.912      137.000     2835.613    17281.250
     248.117      141.200     2835.613    17281.250
     248.323      146.000     2835.613    17281.250
     248.529      174.300     2835.613    17281.250
     248.738      153.700     2835.613    17281.250
     248.944      174.800     2835.613    17281.250
     249.148      126.900     2835.613    17281.250
     249.354      150.600     2835.613    17281.250
     249.560      145.900     2835.613    17281.250
     249.765      141.400     2835.613    17281.250
     249.975      147.500     2835.613    17281.250
     250.181      136.200     2835.613    17281.250
     250.389      148.900     2835.613    17281.250
     250.600      151.300     2835.613    17281.250
     250.809      129.600     2835.613    17281.250
     251.015      140.700     2835.613    17281.250
     251.220      131.700     2835.613    17281.250
     251.428      173.100     2835.613    17281.250
     251.633      146.000     2835.613    17281.250
     251.841      144.200     2835.613    17281.250
     252.051      147.900     2835.613    17281.250
     252.259      144.200     2835.613    17281.250
     252.473      163.300     2835.613    17281.250
     252.682      138.700     2835.613    17281.250
     252.891      173.100     2835.613    17281.250
     253.095      132.200     2835.613    17281.250
     253.300      136.300     2835.613    17281.250
     253.511      156.500     2835.613    17281.250
     253.719      120.000     2835.613    17281.250
     253.929      162.200     2835.613    17281.250
     254.134      126.600     2835.613    17281.250
     254.342      148.900     2835.613    17281.250
     254.552      148.100     2835.613    17281.250
     254.760      144.200     2835.613    17281.250
     254.965      145.900     2835.613    17281.250
     255.173      149.000     2835.613    17281.250
     255.382      177.600     2835.613    17281.250
     255.587      121.900     2835.613    17281.250
     255.792      136.700     2835.613    17281.250
     255.997      160.800     2835.613    17281.250
     256.202      126.700     2835.613    17281.250
     256.410      139.400     2835.613    17281.250
     256.615      137.000     2835.613    17281.250
     256.825      152.400     2835.613    17281.250
     257.030      131.500     2835.613    17281.250
     257.242      160.200     2835.613    17281.250
     257.448      136.300     2835.613    17281.250
     257.657      138.300     2835.613    17281.250
     257.862      141.700     2835.613    17281.250
     258.067      122.200     2835.613    17281.250
     258.277      166.400     2835.613    17281.250
     258.481      127.100     2835.613    17281.250
     258.691      161.900     2835.613    17281.250
     258.897      151.100     2835.613    17281.250
     259.107      152.200     2835.613    17281.250
     259.318      142.400     2835.613    17281.250
     259.527      152.700     2835.613    17281.250
     259.738      166.100     2835.613    17281.250
     259.946      129.800     2835.613    17281.250
     260.151      165.500     2835.613    17281.250
     260.356      132.100     2835.613    17281.250
     260.564      158.100     2835.613    17281.250
     260.772      178.400     2835.613    17281.250
     260.977      165.600     2835.613    17281.250
     261.185      125.000     2835.613    17281.250
     261.398      150.400     2835.613    17281.250
     261.604      121.300     2835.613    17281.250
     261.810      170.100     2835.613    17281.250
     262.015      121.800     2835.613    17281.250
     262.220      161.000     2835.613    17281.250
     262.425      127.100     2835.613    17281.250
     262.635      147.700     2835.613    17281.250
     262.839      127.000     2835.613    17281.250
     263.045      136.400     2835.613    17281.250
     263.253      162.800     2835.613    17281.250
     263.458      142.000     2835.613    17281.250
     263.663      141.400     2835.613    17281.250
     263.868      150.900     2835.613    17281.250
     264.078      148.000     2835.613    17281.250
     264.286      158.500     2835.613    17281.250
     264.490      136.900     2835.613    17281.250
     264.698      163.600     2835.613    17281.250
     264.903      122.100     2835.613    17281.250
     265.107      132.000     2835.613    17281.250
     265.318      137.700     2835.613    17281.250
     265.524      136.200     2835.613    17281.250
     265.730      155.100     2835.613    17281.250
     265.943      145.700     2835.613    17281.250
     266.153      161.500     2835.613    17281.250
     266.358      151.500     2835.613    17281.250
     266.568      142.900     2835.613    17281.250
     266.773      136.200     2835.613    17281.250
     266.983      133.600     2835.613    17281.250
     267.189      136.200     2835.613    17281.250
     267.398      152.800     2835.613    17281.250
     267.603      141.100     2835.613    17281.250
     267.813      143.200     2835.613    17281.250
     268.019      160.300     2835.613    17281.250
     268.224      117.100     2835.613    17281.250
     268.434      156.900     2835.613    17281.250
     268.638      146.800     2835.613    17281.250
     268.846      163.400     2835.613    17281.250
     269.052      131.100     2835.613    17281.250
     269.262      152.500     2835.613    17281.250
     269.467      175.600     2835.613    17281.250
     269.677      176.400     2835.613    17281.250
     269.883      145.400     2835.613    17281.250
     270.088      132.000     2835.613    17281.250
     270.298      147.900     2835.613    17281.250
     270.504      126.200     2835.613    17281.250
     270.710      155.000     2835.613    17281.250
     270.915      121.700     2835.613    17281.250
     271.123      173.100     2835.613    17281.250
     271.328      161.300     2835.613    17281.250
     271.532      117.500     2835.613    17281.250
     271.738      160.700     2835.613    17281.250
     271.943      112.200     2835.613    17281.250
     272.147      137.000     2835.613    17281.250
     272.355      144.200     2835.613    17281.250
     272.560      136.300     2835.613    17281.250
     272.770      166.600     2835.613    17281.250
     272.979      149.000     2835.613    17281.250
     273.188      142.900     2835.613    17281.250
     273.394      131.400     2835.613    17281.250
     273.604      128.500     2835.613    17281.250
     273.808      132.100     2835.613    17281.250
     274.018      157.500     2835.613    17281.250
     274.229      132.800     2835.613    17281.250
     274.436      226.500     2835.613    17281.250
     274.641      141.400     2835.613    17281.250
     274.846      126.800     2835.613    17281.250
     275.057      132.700     2835.613    17281.250
     275.264      135.700     2835.613    17281.250
     275.469      136.400     2835.613    17281.250
     275.674      155.800     2835.613    17281.250
     275.882      163.800     2835.613    17281.250
     276.087      151.400     2835.613    17281.250
     276.297      161.900     2835.613    17281.250
     276.502      141.300     2835.613    17281.250
     276.710      149.100     2835.613    17281.250
     276.916      140.900     2835.613    17281.250
     277.123      149.400     2835.613    17281.250
     277.333      167.000     2835.613    17281.250
     277.538      136.300     2835.613    17281.250
     277.747      139.300     2835.613    17281.250
     277.952      150.700     2835.613    17281.250
     278.157      141.400     2835.613    17281.250
     278.363      136.400     2835.613    17281.250
     278.568      151.100     2835.613    17281.250
     278.772      131.900     2835.613    17281.250
     278.977      131.900     2835.613    17281.250
     279.182      131.800     2835.613    17281.250
     279.392      142.800     2835.613    17281.250
     279.601      210.300     2835.613    17281.250
     279.809      158.700     2835.613    17281.250
     280.019      185.900     2835.613    17281.250
     280.224      136.300     2835.613    17281.250
     280.434      133.200     2835.613    17281.250
     280.647      141.400     2835.613    17281.250
     280.857      147.700     2835.613    17281.250
     281.061      137.100     2835.613    17281.250
     281.268      135.300     2835.613    17281.250
     281.474      160.100     2835.613    17281.250
     281.679      122.000     2835.613    17281.250
     281.884      146.200     2835.613    17281.250
     282.090      160.700     2835.613    17281.250
     282.298      153.800     2835.613    17281.250
     282.503      146.200     2835.613    17281.250
     282.708      131.600     2835.613    17281.250
     282.914      155.500     2835.613    17281.250
     283.118      127.200     2835.613    17281.250
     283.324      141.100     2835.613    17281.250
     283.529      131.600     2835.613    17281.250
     283.734      151.100     2835.871    17281.250
     283.939      146.200     2835.871    17281.250
     284.147      182.700     2835.871    17281.250
     284.351      127.300     2835.871    17281.250
     284.556      151.200     2835.871    17281.250
     284.762      165.500     2835.871    17281.250
     284.967      151.100     2835.871    17281.250
     285.173      135.800     2835.871    17281.250
     285.381      130.000     2835.871    17281.250
     285.587      140.900     2835.871    17281.250
     285.792      156.200     2835.871    17281.250
     285.997      160.700     2835.871    17281.250
     286.203      155.500     2835.871    17281.250
     286.408      141.100     2835.871    17281.250
     286.616      144.700     2835.871    17281.250
     286.821      160.800     2835.871    17281.250
     287.029      129.700     2835.871    17281.250
     287.234      146.400     2835.871    17281.250
     287.440      155.400     2835.871    17281.250
     287.646      121.700     2835.871    17281.250
     287.851      185.100     2835.871    17281.250
     288.056      155.800     2835.871    17281.250
     288.265      148.600     2835.871    17281.250
     288.470      175.300     2835.871    17281.250
     288.675      131.700     2835.871    17281.250
     288.881      155.800     2835.871    17281.250
     289.086      161.100     2835.871    17281.250
     289.291      141.200     2835.871    17281.250
     289.496      175.400     2835.871    17281.250
     289.701      122.000     2835.871    17281.250
     289.906      112.200     2835.871    17281.250
     290.117      147.200     2836.129    17281.250
     290.323      155.000     2836.129    17281.250
     290.529      170.100     2836.129    17281.250
     290.734      126.600     2836.129    17281.250
     290.939      146.400     2836.621    17281.250
     291.144      151.200     2836.879    17281.250
     291.349      122.200     2836.879    17281.250
     291.564      120.600     2836.879    17281.250
     291.774      142.900     2836.879    17281.250
     291.979      151.100     2836.879    17281.250
     292.185      160.600     2836.879    17281.250
     292.392      135.400     2836.879    17281.250
     292.597      121.700     2836.879    17281.250
     292.803      155.100     2836.879    17281.250
     293.009      146.000     2836.879    17281.250
     293.220      151.200     2836.879    17281.250
     293.428      134.600     2836.879    17281.250
     293.633      151.300     2836.879    17281.250
     293.839      111.700     2836.879    17281.250
     294.045      160.800     2836.879    17281.250
     294.249      117.400     2836.879    17281.250
     294.454      151.400     2836.879    17281.250
     294.660      116.500     2836.879    17281.250
     294.865      141.600     2836.879    17281.250
     295.070      116.900     2836.879    17281.250
     295.275      141.300     2836.879    17281.250
     295.481      141.000     2836.879    17281.250
     295.690      143.100     2836.879    17281.250
     295.895      126.800     2836.879    17281.250
     296.101      150.900     2836.879    17281.250
     296.306      107.100     2836.879    17281.250
     296.511      141.500     2836.879    17281.250
     296.716      126.900     2836.879    17281.250
     296.924      163.400     2836.879    17281.250
     297.130      126.400     2836.879    17281.250
     297.335      131.500     2836.879    17281.250
     297.540      136.500     2836.879    17281.250
     297.749      153.200     2836.879    17281.250
     297.958      148.700     2836.879    17281.250
     298.162      117.100     2836.879    17281.250
     298.368      131.600     2836.879    17281.250
     298.573      126.600     2836.879    17281.250
     298.780      159.700     2836.879    17281.250
     298.985      163.900     2836.879    17281.250
     299.198      147.000     2836.879    17281.250
     299.403      122.100     2836.879    17281.250
     299.608      136.300     2836.879    17281.250
     299.814      131.400     2836.879    17281.250
     300.019      165.700     2836.879    17281.250
     300.224      126.700     2836.879    17281.250
     300.430      155.300     2836.879    17281.250
     300.637      164.200     2836.879    17281.250
     300.842      121.900     2836.879    17281.250
     301.047      175.500     2836.879    17281.250
     301.252      137.000     2836.879    17281.250
     301.457      151.200     2836.879    17281.250
     301.662      136.300     2836.879    17281.250
     301.867      136.400     2836.879    17281.250
     302.073      160.200     2836.879    17281.250
     302.279      141.100     2836.879    17281.250
     302.484      150.900     2836.879    17281.250
     302.689      151.400     2836.879    17281.250
     302.894      131.700     2836.879    17281.250
     303.102      144.500     2836.879    17281.250
     303.307      126.700     2836.879    17281.250
     303.513      150.100     2836.879    17281.250
     303.719      126.500     2836.879    17281.250
     303.927      153.900     2836.879    17281.250
     304.133      131.400     2836.879    17281.250
     304.338      141.300     2836.879    17281.250
     304.543      126.500     2836.879    17281.250
     304.749      160.700     2836.879    17281.250
     304.954      116.900     2836.879    17281.250
     305.160      169.800     2836.879    17281.250
     305.365      141.500     2836.879    17281.250
     305.570      141.400     2836.879    17281.250
     305.779      162.700     2836.879    17281.250
     305.988      119.600     2836.879    17281.250
     306.200      165.100     2836.879    17281.250
     306.405      126.800     2836.879    17281.250
     306.611      165.600     2836.879    17281.250
     306.816      146.200     2836.879    17281.250
     307.021      146.000     2836.879    17281.250
     307.231      166.700     2836.879    17281.250
     307.436      132.100     2836.879    17281.250
     307.643      129.800     2836.879    17281.250
     307.849      136.000     2836.879    17281.250
     308.058      134.300     2836.879    17281.250
     308.264      145.500     2836.879    17281.250
     308.470      121.600     2836.879    17281.250
     308.680      142.900     2836.879    17281.250
     308.887      149.600     2836.879    17281.250
     309.097      162.100     2836.879    17281.250
     309.303      136.000     2836.879    17281.250
     309.511      134.500     2836.879    17281.250
     309.716      121.800     2836.879    17281.250
     309.924      139.400     2836.879    17281.250
     310.129      141.200     2836.879    17281.250
     310.339      143.100     2836.879    17281.250
     310.544      127.100     2836.879    17281.250
     310.753      138.300     2836.879    17281.250
     310.963      128.900     2836.879    17281.250
     311.171      163.300     2836.879    17281.250
     311.375      137.000     2836.879    17281.250
     311.581      155.800     2836.879    17281.250
     311.786      151.000     2836.879    17281.250
     311.991      141.200     2836.879    17281.250
     312.200      148.900     2836.879    17281.250
     312.404      127.000     2836.879    17281.250
     312.609      161.400     2836.879    17281.250
     312.814      126.800     2836.879    17281.250
     313.018      156.500     2836.879    17281.250
     313.224      150.400     2836.879    17281.250
     313.434      128.600     2836.879    17281.250
     313.647      169.300     2836.879    17281.250
     313.852      126.800     2836.879    17281.250
     314.062      133.300     2836.879    17281.250
     314.270      129.800     2836.879    17281.250
     314.480      147.800     2836.879    17281.250
     314.688      129.900     2836.879    17281.250
     314.892      127.100     2836.879    17281.250
     315.100      139.300     2836.879    17281.250
     315.307      126.100     2836.879    17281.250
     315.515      163.500     2836.879    17281.250
     315.723      124.600     2836.879    17281.250
     315.933      195.300     2836.879    17281.250
     316.139      131.300     2836.879    17281.250
     316.349      138.200     2836.879    17281.250
     316.556      140.200     2836.879    17281.250
     316.760      137.000     2836.879    17281.250
     316.969      134.000     2836.879    17281.250
     317.174      141.600     2836.879    17281.250
     317.378      141.700     2836.879    17281.250
     317.584      145.900     2836.879    17281.250
     317.791      116.200     2836.879    17281.250
     317.995      141.500     2836.879    17281.250
     318.204      115.100     2836.879    17281.250
     318.409      141.200     2836.879    17281.250
     318.614      126.900     2836.879    17281.250
     318.824      143.100     2836.879    17281.250
     319.029      112.200     2836.879    17281.250
     319.239      138.100     2836.879    17281.250
     319.449      124.000     2836.879    17281.250
     319.654      146.200     2836.879    17281.250
     319.859      141.100     2836.879    17281.250
     320.069      114.700     2836.879    17281.250
     320.277      139.200     2836.879    17281.250
     320.482      126.600     2836.879    17281.250
     320.688      126.600     2836.879    17281.250
     320.893      131.300     2836.879    17281.250
     321.101      144.200     2836.879    17281.250
     321.306      132.000     2836.879    17281.250
     321.516      143.000     2836.879    17281.250
     321.725      152.800     2836.879    17281.250
     321.935      123.800     2836.879    17281.250
     322.140      161.300     2836.879    17281.250
     322.345      131.600     2836.879    17281.250
     322.550      146.000     2836.879    17281.250
     322.757      145.400     2836.879    17281.250
     322.966      138.300     2836.879    17281.250
     323.175      114.800     2836.879    17281.250
     323.383      149.000     2836.879    17281.250
     323.589      150.800     2836.879    17281.250
     323.800      127.700     2836.879    17281.250
     324.008      139.400     2836.879    17281.250
     324.214      146.000     2836.879    17281.250
     324.424      147.600     2836.879    17281.250
     324.635      137.500     2836.879    17281.250
     324.845      119.000     2836.879    17281.250
     325.051      136.100     2836.879    17281.250
     325.261      138.000     2836.879    17281.250
     325.466      116.800     2836.879    17281.250
     325.676      157.300     2836.879    17281.250
     325.883      135.300     2836.879    17281.250
     326.089      145.700     2836.879    17281.250
     326.294      146.200     2836.879    17281.250
     326.502      125.000     2836.879    17281.250
     326.710      187.300     2836.879    17281.250
     326.915      141.600     2836.879    17281.250
     327.120      155.900     2836.879    17281.250
     327.326      116.900     2836.879    17281.250
     327.531      141.200     2836.879    17281.250
     327.737      116.700     2836.879    17281.250
     327.942      131.700     2836.879    17281.250
     328.147      112.000     2836.879    17281.250
     328.353      160.100     2836.879    17281.250
     328.558      122.000     2836.879    17281.250
     328.764      136.300     2836.879    17281.250
     328.969      122.000     2836.879    17281.250
     329.174      160.800     2836.879    17281.250
     329.379      126.600     2836.879    17281.250
     329.587      173.000     2836.879    17281.250
     329.793      170.500     2836.879    17281.250
     330.001      153.700     2836.879    17281.250
     330.211      166.400     2836.879    17281.250
     330.418      184.100     2836.879    17281.250
     330.622      146.900     2836.879    17281.250
     330.831      138.400     2836.879    17281.250
     331.037      165.200     2836.879    17281.250
     331.242      136.600     2836.879    17281.250
     331.448      175.400     2836.879    17281.250
     331.653      126.800     2836.879    17281.250
     331.858      136.200     2836.879    17281.250
     332.063      121.900     2836.879    17281.250
     332.273      143.100     2836.879    17281.250
     332.478      146.500     2836.879    17281.250
     332.688      128.600     2836.879    17281.250
     332.897      138.500     2836.879    17281.250
     333.102      131.500     2836.879    17281.250
     333.307      136.900     2836.879    17281.250
     333.512      131.700     2836.879    17281.250
     333.717      156.000     2836.879    17281.250
     333.923      136.200     2836.879    17281.250
     334.128      131.500     2836.879    17281.250
     334.335      159.600     2836.879    17281.250
     334.540      131.800     2836.879    17281.250
     334.748      168.300     2836.879    17281.250
     334.958      147.300     2836.879    17281.250
     335.166      144.300     2836.879    17281.250
     335.371      141.700     2836.879    17281.250
     335.579      144.300     2836.879    17281.250
     335.784      121.700     2836.879    17281.250
     335.992      178.000     2836.879    17281.250
     336.197      126.900     2836.879    17281.250
     336.405      153.900     2836.879    17281.250
     336.610      141.100     2836.879    17281.250
     336.818      163.400     2836.879    17281.250
     337.028      152.200     2836.879    17281.250
     337.235      126.000     2836.879    17281.250
     337.440      160.600     2836.879    17281.250
     337.646      131.300     2836.879    17281.250
     337.854      139.300     2836.879    17281.250
     338.061      164.400     2836.879    17281.250
     338.268      154.300     2836.879    17281.250
     338.474      136.100     2836.879    17281.250
     338.680      136.300     2836.879    17281.250
     338.889      138.600     2836.879    17281.250
     339.094      141.100     2836.879    17281.250
     339.299      165.600     2836.879    17281.250
     339.508      144.100     2836.879    17281.250
     339.713      175.500     2836.879    17281.250
     339.918      136.300     2836.879    17281.250
     340.126      144.200     2836.879    17281.250
     340.332      131.100     2836.879    17281.250
     340.537      126.900     2836.879    17281.250
     340.748      128.000     2836.879    17281.250
     340.956      158.700     2836.879    17281.250
     341.161      136.700     2836.879    17281.250
     341.366      131.400     2836.879    17281.250
     341.572      165.400     2836.879    17281.250
     341.778      140.700     2836.879    17281.250
     341.988      138.000     2836.879    17281.250
     342.199      137.600     2836.879    17281.250
     342.409      152.400     2836.879    17281.250
     342.617      124.700     2836.879    17281.250
     342.828      137.800     2836.879    17281.250
     343.035      144.700     2836.879    17281.250
     343.242      154.900     2836.879    17281.250
     343.447      160.900     2836.879    17281.250
     343.651      127.100     2836.879    17281.250
     343.856      136.500     2836.879    17281.250
     344.061      127.000     2836.879    17281.250
     344.266      156.200     2836.879    17281.250
     344.471      127.000     2836.879    17281.250
     344.675      171.200     2836.879    17281.250
     344.886      161.300     2836.879    17281.250
     345.094      139.500     2836.879    17281.250
     345.302      158.600     2836.879    17281.250
     345.513      137.800     2836.879    17281.250
     345.723      142.900     2836.879    17281.250
     345.928      155.900     2836.879    17281.250
     346.143      130.400     2836.879    17281.250
     346.348      126.700     2836.879    17281.250
     346.558      138.200     2836.879    17281.250
     346.762      122.300     2836.879    17281.250
     346.972      157.100     2836.879    17281.250
     347.185      126.600     2836.879    17281.250
     347.395      142.900     2836.879    17281.250
     347.609      164.100     2836.879    17281.250
     347.817      144.100     2837.137    17281.250
     348.028      212.900     2837.395    17281.250
     348.241      164.800     2837.395    17281.250
     348.451      142.700     2837.395    17281.250
     348.664      178.600     2837.395    17281.250
     348.872      134.500     2837.395    17281.250
     349.077      145.900     2837.395    17281.250
     349.283      126.400     2837.395    17281.250
     349.488      156.100     2837.395    17281.250
     349.697      138.600     2837.395    17281.250
     349.902      156.200     2837.395    17281.250
     350.107      146.400     2837.395    17281.250
     350.311      132.100     2837.395    17281.250
     350.517      175.000     2837.395    17281.250
     350.722      126.900     2837.395    17281.250
     350.926      176.000     2837.395    17281.250
     351.134      149.500     2837.395    17281.250
     351.338      117.400     2837.395    17281.250
     351.547      163.200     2837.395    17281.250
     351.755      120.200     2837.395    17281.250
     351.964      157.600     2837.395    17281.250
     352.178      144.700     2837.395    17281.250
     352.386      168.300     2837.395    17281.250
     352.591      131.900     2837.395    17281.250
     352.799      149.100     2837.395    17281.250
     353.004      136.300     2837.395    17281.250
     353.210      140.900     2837.395    17281.250
     353.420      147.900     2837.395    17281.250
     353.625      146.000     2837.395    17281.250
     353.830      151.400     2837.395    17281.250
     354.038      134.600     2837.395    17281.250
     354.245      135.300     2837.395    17281.250
     354.453      134.600     2837.395    17281.250
     354.666      159.400     2837.395    17281.250
     354.871      131.700     2837.395    17281.250
     355.077      155.900     2837.395    17281.250
     355.281      122.000     2837.395    17281.250
     355.491      143.500     2837.395    17281.250
     355.696      170.400     2837.395    17281.250
     355.902      135.700     2837.395    17281.250
     356.108      131.300     2837.395    17281.250
     356.316      143.900     2837.395    17281.250
     356.522      126.500     2837.395    17281.250
     356.731      190.800     2837.395    17281.250
     356.937      170.400     2837.395    17281.250
     357.142      155.700     2837.395    17281.250
     357.351      148.200     2837.395    17281.250
     357.557      131.000     2837.395    17281.250
     357.762      156.200     2837.395    17281.250
     357.968      155.500     2837.395    17281.250
     358.178      157.600     2837.395    17281.250
     358.388      152.300     2837.395    17281.250
     358.599      137.200     2837.395    17281.250
     358.804      146.200     2837.395    17281.250
     359.009      146.400     2837.395    17281.250
     359.214      151.600     2837.395    17281.250
     359.424      166.200     2837.395    17281.250
     359.632      110.500     2837.395    17281.250
     359.837      170.900     2837.395    17281.250
     360.043      121.300     2837.395    17281.250
     360.248      156.600     2837.395    17281.250
     360.454      150.700     2837.395    17281.250
     360.661      130.200     2837.395    17281.250
     360.866      121.700     2837.395    17281.250
     361.072      140.800     2837.395    17281.250
     361.279      125.400     2837.395    17281.250
     361.486      178.900     2837.395    17281.250
     361.692      136.200     2837.395    17281.250
     361.897      126.600     2837.395    17281.250
     362.103      175.300     2837.395    17281.250
     362.308      136.600     2837.395    17281.250
     362.515      135.200     2837.395    17281.250
     362.721      160.400     2837.395    17281.250
     362.925      122.100     2837.395    17281.250
     363.130      141.700     2837.395    17281.250
     363.335      121.700     2837.395    17281.250
     363.540      141.900     2837.395    17281.250
     363.745      121.600     2837.395    17281.250
     363.955      133.500     2837.395    17281.250
     364.160      136.600     2837.395    17281.250
     364.365      136.500     2837.395    17281.250
     364.570      132.000     2837.395    17281.250
     364.775      131.600     2837.395    17281.250
     364.983      144.400     2837.395    17281.250
     365.188      131.400     2837.395    17281.250
     365.395      111.100     2837.395    17281.250
     365.604       52.600     2837.395    17281.250
     365.809        0.000     2837.395    17281.250
     366.014        0.000     2837.395    17281.250
     366.225        0.000     2837.395    17281.250
     366.436        0.000     2837.395    17281.250
     366.642        0.000     2837.395    17281.250
     366.853        0.000     2837.395    17281.250
     367.063        0.000     2837.395    17281.250
     367.268        0.000     2837.395    17281.250
     367.479        0.000     2837.395    17281.250
     367.685        0.000     2837.395    17281.250
     367.894        0.000     2837.395    17281.250
     368.100        0.000     2837.395    17281.250
     368.311        0.000     2837.395    17281.250
     368.517        0.000     2837.395    17281.250
     368.723        0.000     2837.395    17281.250
     368.928        0.000     2837.395    17281.250
     369.138        0.000     2837.395    17281.250
     369.349        0.000     2837.395    17281.250
     369.560        0.000     2837.395    17281.250
     369.770        0.000     2837.395    17281.250
     369.980        0.000     2837.395    17281.250
     370.192        0.000     2837.395    17281.250
     370.398        0.000     2837.395    17281.250
     370.608        0.000     2837.395    17281.250
     370.819        0.000     2837.395    17281.250
     371.030        0.000     2837.395    17281.250
     371.241        4.700     2837.395    17281.250
     371.452        0.000     2837.395    17281.250
     371.663        0.000     2837.395    17281.250
     371.874        0.000     2837.395    17281.250
     372.084        0.000     2837.395    17281.250
     372.295        0.000     2837.395    17281.250
     372.501        0.000     2837.395    17281.250
     372.712        0.000     2837.395    17281.250
     372.923        0.000     2837.395    17281.250
     373.134        0.000     2837.395    17281.250
     373.345        0.000     2837.395    17281.250
     373.556        0.000     2837.395    17281.250
     373.767        0.000     2837.395    17281.250
     373.978        0.000     2837.395    17281.250
     374.188        0.000     2837.395    17281.250
     374.399        0.000     2837.395    17281.250
     374.610        0.000     2837.395    17281.250
     374.821        0.000     2837.723    17281.238
     375.032        0.000     2837.832    17281.215
     375.242        0.000     2836.219    17281.191
     375.453        0.000     2836.297    17281.168
     375.664        0.000     2836.359    17281.156
     375.875        0.000     2836.359    17281.156
     376.085        0.000     2836.359    17281.156
     376.297        0.000     2836.359    17281.156
     376.502        0.000     2836.359    17281.156
     376.712        0.000     2836.359    17281.156
     376.923        0.000     2836.359    17281.156
     377.133        0.000     2836.359    17281.156
     377.344        0.000     2836.359    17281.156
     377.554        0.000     2836.359    17281.156
     377.764        0.000     2836.359    17281.156
     377.975        0.000     2836.359    17281.156
     378.185        0.000     2836.359    17281.156
     378.396        0.000     2836.359    17281.156
     378.607        0.000     2836.359    17281.156
     378.818        0.000     2836.359    17281.156
     379.029        0.000     2836.359    17281.156
     379.240        0.000     2836.359    17281.156
     379.450        0.000     2836.359    17281.156
     379.661        0.000     2836.359    17281.156
     379.872        0.000     2836.359    17281.156
     380.082        4.700     2836.359    17281.156
     380.292        0.000     2836.359    17281.156
     380.501        0.000     2836.359    17281.156
     380.711        0.000     2836.359    17281.156
     380.922        0.000     2836.359    17281.156
     381.132        0.000     2836.359    17281.156
     381.343        0.000     2836.359    17281.156
     381.553       47.600     2794.125    17104.590
